AIMSum (Version 19.10.12, Professional)
Copyright (c) 1997-2019 by Todd A. Keith
AIMSum is a component of the AIMAll package ( http://aim.tkgristmill.com )

TP:  64-bit Linux

Much of the Quantum Theory of Atoms in Molecules (QTAIM) is described in the book:
  "Atoms in Molecules - A Quantum Theory"
  R.F.W. Bader, Oxford University Press, Oxford, 1990

For additional references see:  http://aim.tkgristmill.com/references.html

Wfx File:  /home/vallet/ANL/CeIV-dimer/CeIII-O-CeIV/eclipsed-structure-Ce-dinuclear2/geom-pbe0-cosmo/g16-nlmos/Plots/CeIII-O-CeIV-eclipsed.nlmos.wfx
Sum File:  /home/vallet/ANL/CeIV-dimer/CeIII-O-CeIV/eclipsed-structure-Ce-dinuclear2/geom-pbe0-cosmo/g16-nlmos/Plots/CeIII-O-CeIV-eclipsed.nlmos.sum

SumViz File:  /home/vallet/ANL/CeIV-dimer/CeIII-O-CeIV/eclipsed-structure-Ce-dinuclear2/geom-pbe0-cosmo/g16-nlmos/Plots/CeIII-O-CeIV-eclipsed.nlmos.sumviz

Wfx Title:   CeIII-O-CeIV-eclipsed.nlmos.chk                                               
 
Specified number of ECP-modeled core electrons in wfx file =     56
Integrated number of ECP-modeled core electrons from EDF data in wfx file =  5.6000000000E+01
 
Total memory allocated for AIMSum =        8.711 Megabytes

Atomic units (a.u.) used throughout, except where stated otherwise

Model:  Unrestricted SCF
 
Unrestricted, single-determinant wavefunction.
  Number of electrons (from MO Occs)                   =         315.0000000000
  Number of Alpha electrons (from MO Occs)             =         158.0000000000
  Number of Beta electrons (from MO Occs)              =         157.0000000000
  Number of electron pairs (N*(N-1)/2)                 =       49455.0000000000
  Number of electron pairs (from Muller 2EDM)          =       49455.0000000000
 
Number of ECP-modeled core electrons based on atomic numbers and nuclear charges
specified in the wavefunction file = 56       
Number of ECP-modeled core electrons specified in the wavefunction file = 56       
 
The wavefunction file contains additional electron density function data to represent
the electron density distribution of ECP-modeled core electrons.  Note that only
"non-core-sensitive" properties that are expressible in terms of the electron density
distribution include contributions from these additional core density distributions.
 
Nuclear Charges and Cartesian Coordinates:
-------------------------------------------------------------------------------
Atom      Charge                X                  Y                  Z
-------------------------------------------------------------------------------
Ce1       58.0           8.2135882040E-01  -2.3694245678E-02   4.0703117395E+00
Ce2       58.0          -9.1645066991E-01   1.9365922631E-01  -3.7183544694E+00
H3         1.0          -3.3268932777E-01   5.4674819875E+00   2.2704891912E+00
H4         1.0           5.3215355501E-02  -4.8309207321E+00  -1.2576810736E+00
H5         1.0           2.4897786983E+00   5.5156721765E+00   2.9322160160E+00
H6         1.0          -2.0262190646E+00  -5.4652231416E+00  -3.2017200510E+00
H7         1.0           3.5759645747E+00   1.2525231390E+00   8.9196260815E+00
H8         1.0          -3.1120779922E+00  -1.1678316937E+00  -8.7185643407E+00
H9         1.0           3.0041833568E+00   3.9411150124E+00   7.9654035440E+00
H10        1.0          -2.3259460976E+00  -3.8641756139E+00  -7.9678063328E+00
H11        1.0           6.9722043448E-01  -3.6573719246E+00   8.8753206845E+00
H12        1.0          -1.7659274313E-01   2.8839565674E+00  -9.1711784567E+00
H13        1.0           3.3861344010E+00  -3.9685364270E+00   7.8288594216E+00
H14        1.0          -2.7301262973E+00   3.9383161179E+00  -8.2732535523E+00
N15        7.0          -4.1278582991E+00   1.7763954161E+00   6.3706197581E+00
N16        7.0           4.0300643311E+00  -1.7462898225E+00  -5.8340541631E+00
N17        7.0          -1.4270084428E+00  -5.3758997247E+00   3.2870961935E+00
N18        7.0           8.0701977539E-01   5.6010263723E+00  -3.7558322092E+00
N19        7.0           6.4004037632E+00  -2.3232848998E-01   2.6401589387E+00
N20        7.0          -6.5050427782E+00  -1.8614676825E-01  -2.8725725281E+00
O21        8.0          -3.5210895745E-01   5.2694752214E-01  -2.3583430084E-01
O22        8.0          -3.8507049633E+00   1.6393327597E+00   4.0196748901E+00
O23        8.0           3.7344456566E+00  -1.3067266908E+00  -3.5251101074E+00
O24        8.0          -2.2789504763E+00   1.1167163777E+00   7.7113722865E+00
O25        8.0           2.1758122603E+00  -1.2855134309E+00  -7.2487102556E+00
O26        8.0          -6.0875733030E+00   2.5084380281E+00   7.3137290152E+00
O27        8.0           5.9978956394E+00  -2.5767279169E+00  -6.6663107350E+00
O28        8.0           8.7848807601E-01   4.8787300424E+00   3.4988678984E+00
O29        8.0          -4.5102280907E-01  -4.5672841456E+00  -3.0171860235E+00
O30        8.0          -2.3575672501E+00  -3.8677717613E+00   4.8421906500E+00
O31        8.0           2.2554135501E+00   3.7911274275E+00  -4.2826943037E+00
O32        8.0           5.5252803400E-01  -4.6665105253E+00   2.1444039701E+00
O33        8.0          -1.4519374365E+00   5.0454000529E+00  -3.3067825998E+00
O34        8.0          -2.3583289852E+00  -7.4293242849E+00   2.8718469285E+00
O35        8.0           1.5628250884E+00   7.7630891136E+00  -3.6863761316E+00
O36        8.0           3.6304049844E+00   2.3144039817E+00   7.4363875036E+00
O37        8.0          -3.2676109172E+00  -2.4159136376E+00  -7.3889954126E+00
O38        8.0           5.4226445319E+00  -1.9086728917E+00   4.0044358677E+00
O39        8.0          -5.4496259379E+00   1.6371112677E+00  -3.9885767377E+00
O40        8.0           4.9822326183E+00   1.5256619846E+00   1.9154226802E+00
O41        8.0          -5.0810157670E+00  -1.9048543237E+00  -2.0928366869E+00
O42        8.0           8.6180355378E+00  -3.0703860942E-01   2.0492992223E+00
O43        8.0          -8.7745375976E+00  -2.5241814159E-01  -2.5796513605E+00
O44        8.0           2.0842083753E+00  -2.7330874116E+00   8.1403630736E+00
O45        8.0          -1.7192836399E+00   2.4231558923E+00  -8.3180137227E+00
 
Some Atomic Properties:
----------------------
  q(A) = Net Charge of Atom A
  L(A) = Lagrangian of Atom A = -(1/4) Times Atomic Integral of the Laplacian of the Electron Density
  K(A) = Electronic Kinetic Energy of Atom A (Hamiltonian Form)
  K_Scaled(A) = K(A) * E(Mol)/K(Mol) = Approximation to Virial-Based Total Energy of Atom A.
  |Mu_Intra(A)| = Magnitude of Intraatomic Dipole Moment of Atom A
--------------------------------------------------------------------------------------------------
Atom A          q(A)              L(A)              K(A)          K_Scaled(A)      |Mu_Intra(A)|
--------------------------------------------------------------------------------------------------
Ce1       2.3326122090E+00 -6.0492271069E-05  1.8407995385E+02 -2.2657823643E+02  8.3874254189E-02
Ce2       2.5217892110E+00 -2.7331322326E-04  1.7940426379E+02 -2.2082307633E+02  3.6434822820E-01
H3        6.3608245135E-01  4.9372378429E-05  3.3496011793E-01 -4.1229189387E-01  1.3866368844E-01
H4        6.4745412099E-01  6.5391150585E-05  3.2634856506E-01 -4.0169220379E-01  1.1334282821E-01
H5        6.3594574627E-01  5.2718807353E-05  3.3550674640E-01 -4.1296472169E-01  1.3879318261E-01
H6        6.3123160960E-01  4.3238249756E-05  3.3873637093E-01 -4.1693996515E-01  1.4054106490E-01
H7        6.3599733952E-01  1.6973433163E-05  3.3478770165E-01 -4.1207967209E-01  1.3803945608E-01
H8        6.3852560163E-01  2.2812820805E-05  3.3324694757E-01 -4.1018320626E-01  1.3289892706E-01
H9        6.3346648652E-01  2.8293179376E-05  3.3717295450E-01 -4.1501560494E-01  1.4034990717E-01
H10       6.3004899840E-01  3.9178041831E-05  3.3942878862E-01 -4.1779224034E-01  1.4151938003E-01
H11       6.3533645418E-01  3.5826731675E-05  3.3609102627E-01 -4.1368389344E-01  1.3946516942E-01
H12       6.3736823295E-01  3.7935158258E-05  3.3465855157E-01 -4.1192070530E-01  1.3887823823E-01
H13       6.3540388857E-01  4.4853696806E-05  3.3612056350E-01 -4.1372024989E-01  1.3930541139E-01
H14       6.3735977686E-01  3.3633954936E-05  3.3484416360E-01 -4.1214916932E-01  1.3863283905E-01
N15       9.6150704660E-01  2.1893590612E-05  5.3879989721E+01 -6.6319187912E+01  2.8084185760E-02
N16       9.6348585520E-01 -4.9840695469E-04  5.3882831824E+01 -6.6322686167E+01  2.4481758821E-02
N17       9.6432222520E-01 -3.3468166688E-04  5.3876480980E+01 -6.6314869112E+01  2.5568634391E-02
N18       9.6386518940E-01 -4.7265875378E-04  5.3883292846E+01 -6.6323253624E+01  2.5135361481E-02
N19       9.6400995310E-01  3.6809468809E-04  5.3877875855E+01 -6.6316586020E+01  2.3689440387E-02
N20       9.6669463650E-01  3.7814230430E-05  5.3881221868E+01 -6.6320704523E+01  2.6160130425E-02
O21      -1.0764102548E+00 -2.4186127884E-05  7.5322226264E+01 -9.2711763744E+01  3.8816665245E-02
O22      -6.3231494260E-01  3.6226772280E-05  7.5163367454E+01 -9.2516229421E+01  3.3992911606E-01
O23      -6.1575929380E-01  3.7182401165E-05  7.5169357647E+01 -9.2523602562E+01  3.2374036622E-01
O24      -6.3903395580E-01  4.6188353366E-05  7.5161094598E+01 -9.2513431833E+01  3.4112490120E-01
O25      -6.3242766240E-01  6.9283790817E-05  7.5165934035E+01 -9.2519388545E+01  3.2653996097E-01
O26      -5.5653004840E-01  2.1405884982E-05  7.5158448411E+01 -9.2510174725E+01  3.3701634364E-01
O27      -5.5052886250E-01  1.7880008953E-05  7.5156583674E+01 -9.2507879479E+01  3.3384782683E-01
O28      -1.2167941652E+00  3.3993077769E-05  7.5408973141E+01 -9.2818537751E+01  2.5277925185E-01
O29      -1.2303641980E+00 -1.7667919116E-04  7.5420645346E+01 -9.2832904702E+01  2.5328663437E-01
O30      -6.1975765230E-01  2.9216166818E-05  7.5164368898E+01 -9.2517462067E+01  3.3100058499E-01
O31      -6.2975233070E-01  4.7394135796E-05  7.5166854218E+01 -9.2520521169E+01  3.2591931384E-01
O32      -6.5578555510E-01  4.5938764358E-05  7.5164790906E+01 -9.2517981503E+01  3.3439194311E-01
O33      -6.1972687970E-01 -2.1722066163E-05  7.5165214043E+01 -9.2518502330E+01  3.2551580708E-01
O34      -5.4920607160E-01  1.6454829292E-05  7.5157002705E+01 -9.2508395251E+01  3.3475726360E-01
O35      -5.5058056110E-01  1.7045395985E-05  7.5156654773E+01 -9.2507966993E+01  3.3327026621E-01
O36      -1.2195796711E+00 -1.0528998767E-04  7.5414130965E+01 -9.2824886354E+01  2.6340820703E-01
O37      -1.2188984901E+00 -8.8684902104E-05  7.5413361503E+01 -9.2823939248E+01  2.5728406859E-01
O38      -6.3713073220E-01  2.9755152919E-05  7.5166451171E+01 -9.2520025071E+01  3.3456910039E-01
O39      -6.3096903640E-01  3.1495970354E-05  7.5168648769E+01 -9.2522730026E+01  3.2074374717E-01
O40      -6.3794152920E-01  9.4151984210E-05  7.5170034555E+01 -9.2524435746E+01  3.3648605613E-01
O41      -6.1788476320E-01  7.3289250520E-05  7.5167327243E+01 -9.2521103401E+01  3.2688733692E-01
O42      -5.5927824300E-01  1.9740718396E-05  7.5158007869E+01 -9.2509632477E+01  3.3837400162E-01
O43      -5.4604343760E-01  2.2466989618E-05  7.5157097417E+01 -9.2508511829E+01  3.3090384120E-01
O44      -1.2164623584E+00 -6.6973993919E-05  7.5410065640E+01 -9.2819882474E+01  2.6350961581E-01
O45      -1.2137901416E+00 -1.0809007509E-04  7.5410207260E+01 -9.2820056789E+01  2.6604507957E-01
--------------------------------------------------------------------------------------------------
Total    -1.0004438040E+00 -6.4403945397E-04  2.5715246617E+03 -3.1652089791E+03
 
1st Largest |L(A)| = 4.9840695469E-04, atom N16     
2nd Largest |L(A)| = 4.7265875378E-04, atom N18     
 
Molecular charge q(Mol) from the wfx file:  -1.0000000000E+00
Molecular energy E(Mol) from the wfx file:  -3.1652091627E+03
Molecular virial ratio (-V(Mol)/T(Mol)) from the wfx file:   2.2308686073E+00
Note.  K_Scaled(A) = (1+V(Mol)/T(Mol))*K(A) = (E(Mol)/T(Mol))*K(A)
       Only use K_Scaled(A) data with caution.
 
N_AIMInt(SumA)     =        371.000444
N_Analytic(Mol)    =        315.000000
 
G_AIMInt(SumA)     =       2571.525306
G_Analytic(Mol)    =       2571.524811
 
K_AIMInt(SumA)     =       2571.524662
K_Analytic(Mol)    =       2571.524811
 
L_AIMInt(SumA)     =         -0.000644
L_Analytic(Mol)    =          0.000000
 
VenT_AIMInt(SumA)  =     -19596.060261
VenT_Analytic(Mol) =     -19596.046179
 
Some Information About the Atomic Calculations:
----------------------------------------------
  Time(sec) = "Elapsed User Time", in Seconds, for Atom A by AIMInt and, if used, by TWOe
  NProc = Number of Processors Used for AIMInt Job
  BIM = Basin Integration Method
  OAQ = Angular Quadrature Outside of Beta Sphere
  ORQ = Multiple of Default for Radial Quadrature Outside of Beta Sphere
  IAQ = Multiple of Default for Angular Quadrature Inside of Beta Sphere
  IRQ = Multiple of Default for Radial Quadrature Inside of Beta Sphere
  MIR = Maximum Integration Radius
------------------------------------------------------------------------------------------------------
Atom A     Time(sec)   NProc      BIM          OAQ                     ORQ      IAQ      IRQ      MIR
------------------------------------------------------------------------------------------------------
Ce1          2427        1     Proaim(5)    4500(GS4)                  1.00     1.00     1.00    13.00
Ce2          2281        1     Proaim(5)    4500(GS4)                  1.00     1.00     1.00    13.00
H3            397        1     Proaim(5)    4500(GS4)                  1.00     1.00     1.00    13.00
H4            250        1     Proaim(5)    4500(GS4)                  1.00     1.00     1.00    13.00
H5            184        1     Proaim(5)    1800(GS4)                  1.00     1.00     1.00    13.00
H6            164        1     Proaim(5)    1800(GS4)                  1.00     1.00     1.00    13.00
H7            170        1     Proaim(5)    1800(GS4)                  1.00     1.00     1.00    13.00
H8            288        1     Proaim(5)    4500(GS4)                  1.00     1.00     1.00    13.00
H9            162        1     Proaim(5)    1800(GS4)                  1.00     1.00     1.00    13.00
H10           173        1     Proaim(5)    1800(GS4)                  1.00     1.00     1.00    13.00
H11           174        1     Proaim(5)    1800(GS4)                  1.00     1.00     1.00    13.00
H12           174        1     Proaim(5)    1800(GS4)                  1.00     1.00     1.00    13.00
H13           174        1     Proaim(5)    1800(GS4)                  1.00     1.00     1.00    13.00
H14           173        1     Proaim(5)    1800(GS4)                  1.00     1.00     1.00    13.00
N15           404        1     Proaim(5)    5400(GS5)                  1.00     1.00     1.00    13.00
N16           397        1     Proaim(5)    4500(GS4)                  1.00     1.00     1.00    13.00
N17           465        1     Proaim(5)    4500(GS4)                  1.00     1.00     1.00    13.00
N18           463        1     Proaim(5)    5400(GS5)                  1.00     1.00     1.00    13.00
N19           454        1     Proaim(5)    5400(GS5)                  1.00     1.00     1.00    13.00
N20           459        1     Proaim(5)    5400(GS5)                  1.00     1.00     1.00    13.00
O21           780        1     Proaim(5)    4500(GS4)                  1.00     1.00     1.00    13.00
O22           698        1     Proaim(5)    4500(GS4)                  1.00     1.00     1.00    13.00
O23           724        1     Proaim(5)    4500(GS4)                  1.00     1.00     1.00    13.00
O24           612        1     Proaim(5)    4500(GS4)                  1.00     1.00     1.00    13.00
O25           634        1     Proaim(5)    4500(GS4)                  1.00     1.00     1.00    13.00
O26           484        1     Proaim(5)    2700(GS4)                  1.00     1.00     1.00    13.00
O27           478        1     Proaim(5)    2700(GS4)                  1.00     1.00     1.00    13.00
O28           838        1     Proaim(5)    4500(GS4)                  1.00     1.00     1.00    13.00
O29           795        1     Proaim(5)    4500(GS4)                  1.00     1.00     1.00    13.00
O30           732        1     Proaim(5)    4500(GS4)                  1.00     1.00     1.00    13.00
O31           647        1     Proaim(5)    4500(GS4)                  1.00     1.00     1.00    13.00
O32           670        1     Proaim(5)    4500(GS4)                  1.00     1.00     1.00    13.00
O33           749        1     Proaim(5)    4500(GS4)                  1.00     1.00     1.00    13.00
O34           521        1     Proaim(5)    2700(GS4)                  1.00     1.00     1.00    13.00
O35           507        1     Proaim(5)    2700(GS4)                  1.00     1.00     1.00    13.00
O36           828        1     Proaim(5)    4500(GS4)                  1.00     1.00     1.00    13.00
O37           698        1     Proaim(5)    4500(GS4)                  1.00     1.00     1.00    13.00
O38           722        1     Proaim(5)    4500(GS4)                  1.00     1.00     1.00    13.00
O39           592        1     Proaim(5)    4500(GS4)                  1.00     1.00     1.00    13.00
O40           729        1     Proaim(5)    4500(GS4)                  1.00     1.00     1.00    13.00
O41           753        1     Proaim(5)    4500(GS4)                  1.00     1.00     1.00    13.00
O42           494        1     Proaim(5)    2700(GS4)                  1.00     1.00     1.00    13.00
O43           473        1     Proaim(5)    2700(GS4)                  1.00     1.00     1.00    13.00
O44           788        1     Proaim(5)    4500(GS4)                  1.00     1.00     1.00    13.00
O45           637        1     Proaim(5)    4500(GS4)                  1.00     1.00     1.00    13.00
------------------------------------------------------------------------------------------------------
Total       26416
Note:  Total wall clock time is less than total of atomic times if more than one atom
       was calculated at a time
 
Electron Density Critical Point Analysis of Molecular Structure:               
---------------------------------------------------------------                
  NACP = Nuclear Attractor Critical Point                                      
  NNACP = Non-Nuclear Attractor Critical Point                                 
  BCP = Bond Critical Point                                                    
  RCP = Ring Critical Point                                                    
  CCP = Cage Critical Point                                                    
  Rho = Electron Density                                                       
  GradRho = Gradient of Electron Density                                       
  HessRho_EigVals = Eigenvalues of the Hessian of Rho, Ascending Order         
  HessRho_EigVecs = Eigenvectors of the Hessian of Rho                         
  DelSqRho = Laplacian of Rho = Trace of Hessian of Rho                        
  Bond Ellipticity = (HessRho_EigVal(1) / HessRho_EigVal(2)) - 1               
  V = Virial Field = Potential Energy Density = Trace of Stress Tensor         
  G = Lagrangian Form of Kinetic Energy Density                                
  K = Hamiltonian Form of Kinetic Energy Density                               
  L = K - G = Lagrangian Density = (-1/4)DelSqRho                              
  Vnuc = Electrostatic Potential from Nuclei                                   
  Ven = Electron-nuclear attractive contribution to Virial Field V             
  Vrep = V - Ven = Repulsive contribution to Virial Field V                    
  DelSqV = Laplacian of V                                                      
  DelSqVen = Laplacian of Ven                                                  
  DelSqVrep = Laplacian of Vrep                                                
  DelSqG = Laplacian of G                                                      
  DelSqK = Laplacian of K                                                      
  Stress_EigVals = Eigenvalues of Stress Tensor, Ascending Order               
  Stress_EigVecs = Eigenvectors of Stress Tensor                               
  -DivStress = Ehrenfest Force Density = Minus Divergence of Stress Tensor     
  ESP = Total Electrostatic Potential                                          
  ESPe = Electrostatic Potential from Electrons                                
  ESPn = Electrostatic Potential from Nuclei                                   
  BP = Bond Path                                                               
  BPL = Bond Path Length                                                       
  GBL = Geometric Bond Length                                                  
  GBL_I = Distance Between Nuclear Attractors                                  
  GBL_II = Distance Between Nuclei                                             
  GBL_III = Sum of Distances Between BCP and Nuclear Attractors                
  GBL_IV = Sum of Distances Between BCP and Nuclei                             

CP# 1      Coords =  8.21358820402300E-01 -2.36942456782600E-02  4.07031173952600E+00
           Type = (3,-3) NACP Ce1
           Rho =  1.0618359196E+06     Rho at Nucleus =  1.0618359196E+06
           GradRho = -5.3585181490E-04  5.4123246440E-05 -1.9512605917E-03
           HessRho_EigVals = -3.2726862913E+13 -3.2726862913E+13 -3.2726862913E+13
           HessRho_EigVec1 =  1.0468024648E-01  2.6408388268E-01  9.5880224703E-01
           HessRho_EigVec2 = -8.9977730698E-01  4.3580459049E-01 -2.1798090420E-02
           HessRho_EigVec3 = -4.2360694498E-01 -8.6042667428E-01  2.8323681673E-01
           DelSqRho = -9.8180588740E+13
           Bond Ellipticity = NA
           V = -1.6223235494E+03
           G =  3.0197178950E+01
           K =  1.5921263704E+03
           L =  2.4545147185E+13
           Vnuc =  5.8000000431E+09
           Ven = -6.1586483792E+15
           Vrep =  6.1586483792E+15
           DelSqV =  8.4953667690E+08
           DelSqVen =  1.8475945057E+32
           DelSqVrep = -1.8475945057E+32
           DelSqG =  4.7190835256E+07
           DelSqK = -8.9672751215E+08
           Stress_EigVals = -5.4079616831E+02 -5.4077124811E+02 -5.4075613296E+02
           Stress_EigVec1 =  2.5106852438E-01 -1.5871026893E-01  9.5486943956E-01
           Stress_EigVec2 =  9.6604940858E-01  1.0318402031E-01 -2.3685775930E-01
           Stress_EigVec3 = -6.0935508966E-02  9.8191858547E-01  1.7922822115E-01
           -DivStress =  5.0114644049E+00 -1.4810829290E+01  1.7327140929E+01
           ESP =  -3.7761945204E+02     ESP at Nucleus =  -3.7761945204E+02
           ESPe = -4.2071762674E+02     ESPe at Nucleus = -4.2071762674E+02
           ESPn =  4.3098174697E+01     ESPn at Nucleus =  4.3098174697E+01

CP# 2      Coords = -9.16450669906400E-01  1.93659226308200E-01 -3.71835446940900E+00
           Type = (3,-3) NACP Ce2
           Rho =  1.0618359209E+06     Rho at Nucleus =  1.0618359209E+06
           GradRho = -2.1020692311E-04  3.9824656015E-04  4.4063309741E-03
           HessRho_EigVals = -3.2726862913E+13 -3.2726862913E+13 -3.2726862913E+13
           HessRho_EigVec1 =  1.5923936868E-01  7.9172065340E-02  9.8406026621E-01
           HessRho_EigVec2 = -2.6724230060E-01 -9.5610732710E-01  1.2016793185E-01
           HessRho_EigVec3 =  9.5038117418E-01 -2.8211799507E-01 -1.3109180227E-01
           DelSqRho = -9.8180588740E+13
           Bond Ellipticity = NA
           V = -1.6515980124E+03
           G =  3.0914014176E+01
           K =  1.6206839983E+03
           L =  2.4545147185E+13
           Vnuc =  5.8000000442E+09
           Ven = -6.1586483879E+15
           Vrep =  6.1586483879E+15
           DelSqV =  8.6476335597E+08
           DelSqVen =  1.8475945080E+32
           DelSqVrep = -1.8475945080E+32
           DelSqG =  4.8023439275E+07
           DelSqK = -9.1278679524E+08
           Stress_EigVals = -5.5061553293E+02 -5.5049574447E+02 -5.5048673505E+02
           Stress_EigVec1 =  1.6798988440E-01  1.1692128100E-01  9.7883032891E-01
           Stress_EigVec2 =  9.7809299239E-01 -1.4359815865E-01 -1.5071054065E-01
           Stress_EigVec3 =  1.2293696339E-01  9.8270493175E-01 -1.3848292368E-01
           -DivStress = -3.4648294380E+01 -2.2899126985E+01 -1.9045135432E+02
           ESP =  -3.7742187720E+02     ESP at Nucleus =  -3.7742187720E+02
           ESPe = -4.2159516315E+02     ESPe at Nucleus = -4.2159516315E+02
           ESPn =  4.4173285946E+01     ESPn at Nucleus =  4.4173285946E+01

CP# 3      Coords = -3.00911692292140E-01  5.45283133600430E+00  2.30118390094913E+00
           Type = (3,-3) NACP H3
           Rho =  4.0383514706E-01     Rho at Nucleus =  3.9623154664E-01
           GradRho =  6.1062266354E-16  3.2335245592E-15 -1.0529771499E-15
           HessRho_EigVals = -7.9471904917E+00 -7.9313959724E+00 -6.4058949347E+00
           HessRho_EigVec1 =  7.1369880645E-01  5.0799124913E-01 -4.8226435125E-01
           HessRho_EigVec2 = -1.8402542175E-01  8.0030255676E-01  5.7065792012E-01
           HessRho_EigVec3 =  6.7584662300E-01 -3.1852897584E-01  6.6465828342E-01
           DelSqRho = -2.2284481399E+01
           Bond Ellipticity = NA
           V = -5.6236323340E+00
           G =  2.6255992140E-02
           K =  5.5973763418E+00
           L =  5.5711203497E+00
           Vnuc =  7.1450127571E+01
           Ven = -2.8854072775E+01
           Vrep =  2.3230440441E+01
           DelSqV =  1.3893066967E+03
           DelSqVen =  1.5922290388E+03
           DelSqVrep = -2.0292234210E+02
           DelSqG =  1.0447654921E+02
           DelSqK = -1.4937832459E+03
           Stress_EigVals = -2.0083331589E+00 -2.0041672569E+00 -1.6111319181E+00
           Stress_EigVec1 = -1.9028527711E-01  7.9475209876E-01  5.7633377035E-01
           Stress_EigVec2 = -7.0807133643E-01 -5.1774636584E-01  4.8018088589E-01
           Stress_EigVec3 =  6.8001948195E-01 -3.1671407007E-01  6.6126069140E-01
           -DivStress = -1.5060229306E+01  6.9436666349E+00 -1.4543439759E+01
           ESP =  -1.0250792365E+00     ESP at Nucleus =  -1.0286669252E+00
           ESPe = -5.0991553584E+01     ESPe at Nucleus = -5.0837746854E+01
           ESPn =  4.9966474347E+01     ESPn at Nucleus =  4.9809079929E+01

CP# 4      Coords =  3.96082509578449E-02 -4.82478929445102E+00 -1.30115750671235E+00
           Type = (3,-3) NACP H4
           Rho =  3.8444217980E-01     Rho at Nucleus =  3.7740333252E-01
           GradRho = -8.9338259013E-16 -2.8536201180E-15 -2.0450221377E-15
           HessRho_EigVals = -7.5456826183E+00 -7.5305565444E+00 -6.0945446939E+00
           HessRho_EigVec1 =  7.8110668560E-01  6.0651255166E-01 -1.4837408934E-01
           HessRho_EigVec2 =  5.5508780566E-01 -7.8332416828E-01 -2.7978701791E-01
           HessRho_EigVec3 =  2.8591934829E-01 -1.3618286257E-01  9.4852746624E-01
           DelSqRho = -2.1170783857E+01
           Bond Ellipticity = NA
           V = -5.3524750353E+00
           G =  2.9889535565E-02
           K =  5.3225854997E+00
           L =  5.2926959642E+00
           Vnuc =  7.5413251263E+01
           Ven = -2.8992034702E+01
           Vrep =  2.3639559666E+01
           DelSqV =  1.3236225167E+03
           DelSqVen =  1.5965576424E+03
           DelSqVrep = -2.7293512574E+02
           DelSqG =  9.9157149744E+01
           DelSqK = -1.4227796664E+03
           Stress_EigVals = -1.9060824758E+00 -1.9023229046E+00 -1.5440696550E+00
           Stress_EigVec1 =  5.6656274198E-01 -7.7271570332E-01 -2.8621163715E-01
           Stress_EigVec2 =  7.7019321770E-01  6.2006001123E-01 -1.4942553289E-01
           Stress_EigVec3 =  2.9293184668E-01 -1.3577932213E-01  9.4644329407E-01
           -DivStress =  6.1353732363E+00 -2.7643905712E+00  1.9598544073E+01
           ESP =  -1.0588671398E+00     ESP at Nucleus =  -1.0622387817E+00
           ESPe = -5.4717293617E+01     ESPe at Nucleus = -5.4629172653E+01
           ESPn =  5.3658426477E+01     ESPn at Nucleus =  5.3566933871E+01

CP# 5      Coords =  2.44821049804024E+00  5.49975761894497E+00  2.94569887399842E+00
           Type = (3,-3) NACP H5
           Rho =  4.0402512309E-01     Rho at Nucleus =  3.9642905311E-01
           GradRho = -3.5882753609E-09 -1.3807418750E-09  1.1783111604E-09
           HessRho_EigVals = -7.9511126882E+00 -7.9353052654E+00 -6.4115065648E+00
           HessRho_EigVec1 =  4.4105864608E-01 -4.8607029907E-01  7.5445538972E-01
           HessRho_EigVec2 = -1.1606297053E-01  8.0268844956E-01  5.8499627333E-01
           HessRho_EigVec3 =  8.8994194057E-01  3.4558199794E-01 -2.9761791799E-01
           DelSqRho = -2.2297924518E+01
           Bond Ellipticity = NA
           V = -5.6270431046E+00
           G =  2.6280987513E-02
           K =  5.6007621171E+00
           L =  5.5744811296E+00
           Vnuc =  6.9470069072E+01
           Ven = -2.8067653208E+01
           Vrep =  2.2440610103E+01
           DelSqV =  1.3902954719E+03
           DelSqVen =  1.5490383601E+03
           DelSqVrep = -1.5874288825E+02
           DelSqG =  1.0455138922E+02
           DelSqK = -1.4948468611E+03
           Stress_EigVals = -2.0093538849E+00 -2.0051457466E+00 -1.6125434731E+00
           Stress_EigVec1 =  1.1400229042E-01 -7.9879922767E-01 -5.9069727582E-01
           Stress_EigVec2 =  4.3699955584E-01 -4.9364508282E-01  7.5189488653E-01
           Stress_EigVec3 =  8.9220786029E-01  3.4385218639E-01 -2.9279823760E-01
           -DivStress =  1.9709870882E+01  7.5466347471E+00 -6.3901207726E+00
           ESP =  -1.0151003464E+00     ESP at Nucleus =  -1.0184937185E+00
           ESPe = -4.8983401868E+01     ESPe at Nucleus = -4.8773441441E+01
           ESPn =  4.7968301521E+01     ESPn at Nucleus =  4.7754947723E+01

CP# 6      Coords = -1.98632736361997E+00 -5.44252791818493E+00 -3.19602428387604E+00
           Type = (3,-3) NACP H6
           Rho =  4.0540805115E-01     Rho at Nucleus =  3.9786200701E-01
           GradRho =  1.1904621386E-11  6.7804941349E-12  1.6454788920E-12
           HessRho_EigVals = -7.9800871639E+00 -7.9660340395E+00 -6.4482298192E+00
           HessRho_EigVec1 =  7.7881981080E-02 -3.5405498982E-01  9.3197610549E-01
           HessRho_EigVec2 = -4.9948536269E-01  7.9517258790E-01  3.4382397810E-01
           HessRho_EigVec3 =  8.6281444673E-01  4.9228611562E-01  1.1491566856E-01
           DelSqRho = -2.2394351022E+01
           Bond Ellipticity = NA
           V = -5.6517472249E+00
           G =  2.6579734624E-02
           K =  5.6251674902E+00
           L =  5.5985877556E+00
           Vnuc =  7.0287603847E+01
           Ven = -2.8495160495E+01
           Vrep =  2.2843413270E+01
           DelSqV =  1.3975116886E+03
           DelSqVen =  1.5740452731E+03
           DelSqVrep = -1.7653358453E+02
           DelSqG =  1.0508619054E+02
           DelSqK = -1.5025978791E+03
           Stress_EigVals = -2.0167775280E+00 -2.0130378174E+00 -1.6219318794E+00
           Stress_EigVec1 = -4.9986521561E-01  7.9019481969E-01  3.5457991083E-01
           Stress_EigVec2 =  7.9446500290E-02 -3.6583748913E-01  9.2728161048E-01
           Stress_EigVec3 =  8.6245174927E-01  4.9168595514E-01  1.2009122241E-01
           -DivStress = -1.8995186225E+01 -1.0809276037E+01 -2.7152008362E+00
           ESP =  -1.0327105465E+00     ESP at Nucleus =  -1.0357944014E+00
           ESPe = -4.9697683085E+01     ESPe at Nucleus = -4.9457587339E+01
           ESPn =  4.8664972539E+01     ESPn at Nucleus =  4.8421792937E+01

CP# 7      Coords =  3.57682168889170E+00  1.28062634592516E+00  8.88244108611186E+00
           Type = (3,-3) NACP H7
           Rho =  4.0258341971E-01     Rho at Nucleus =  3.9498801494E-01
           GradRho =  5.4354741194E-14  1.5979006313E-12 -2.1296957253E-12
           HessRho_EigVals = -7.9141491427E+00 -7.8984854327E+00 -6.3777221768E+00
           HessRho_EigVec1 = -3.0540969341E-01  7.6920171369E-01  5.6129639482E-01
           HessRho_EigVec2 =  9.5196534216E-01  2.3298326851E-01  1.9869771999E-01
           HessRho_EigVec3 = -2.2065958050E-02 -5.9501892428E-01  8.0340872116E-01
           DelSqRho = -2.2190356752E+01
           Bond Ellipticity = NA
           V = -5.6008054100E+00
           G =  2.6608110978E-02
           K =  5.5741972990E+00
           L =  5.5475891880E+00
           Vnuc =  6.4718277917E+01
           Ven = -2.6054505642E+01
           Vrep =  2.0453700232E+01
           DelSqV =  1.3830445670E+03
           DelSqVen =  1.4361216754E+03
           DelSqVrep = -5.3077108389E+01
           DelSqG =  1.0393685276E+02
           DelSqK = -1.4869814197E+03
           Stress_EigVals = -1.9999838761E+00 -1.9959481833E+00 -1.6048733506E+00
           Stress_EigVec1 =  9.4776698432E-01  2.4419143405E-01  2.0520303839E-01
           Stress_EigVec2 = -3.1839003187E-01  7.6284716513E-01  5.6275393403E-01
           Stress_EigVec3 = -1.9118865937E-02 -5.9869420090E-01  8.0074947566E-01
           -DivStress = -4.0132217836E-01 -1.3261495953E+01  1.7544303061E+01
           ESP =  -9.9993438438E-01     ESP at Nucleus =  -1.0030875008E+00
           ESPe = -4.4267324095E+01     ESPe at Nucleus = -4.4056324516E+01
           ESPn =  4.3267389710E+01     ESPn at Nucleus =  4.3053237015E+01

CP# 8      Coords = -3.11527375613536E+00 -1.20051273892635E+00 -8.68539411505627E+00
           Type = (3,-3) NACP H8
           Rho =  3.9876387379E-01     Rho at Nucleus =  3.9123478231E-01
           GradRho = -1.7512033490E-15 -1.0311196341E-14  8.9199481135E-15
           HessRho_EigVals = -7.8264911695E+00 -7.8111626741E+00 -6.3052102540E+00
           HessRho_EigVec1 =  5.3354693255E-01 -6.3423067194E-01 -5.5953474024E-01
           HessRho_EigVec2 =  8.4249964576E-01  3.4042554683E-01  4.1749825624E-01
           HessRho_EigVec3 = -7.4310279673E-02 -6.9416273440E-01  7.1597212271E-01
           DelSqRho = -2.1942864098E+01
           Bond Ellipticity = NA
           V = -5.5408142714E+00
           G =  2.7549123507E-02
           K =  5.5132651479E+00
           L =  5.4857160244E+00
           Vnuc =  6.5962255948E+01
           Ven = -2.6303364706E+01
           Vrep =  2.0762550434E+01
           DelSqV =  1.3674733610E+03
           DelSqVen =  1.4474008178E+03
           DelSqVrep = -7.9927456782E+01
           DelSqG =  1.0264219625E+02
           DelSqK = -1.4701155573E+03
           Stress_EigVals = -1.9779772063E+00 -1.9740126317E+00 -1.5888244334E+00
           Stress_EigVec1 =  8.4281476753E-01  3.4188719651E-01  4.1566382149E-01
           Stress_EigVec2 = -5.3363697883E-01  6.3124107894E-01  5.6281993131E-01
           Stress_EigVec3 = -6.9963150701E-02 -6.9616653548E-01  7.1446295385E-01
           -DivStress =  1.4888823412E+00  1.5251186432E+01 -1.5476121189E+01
           ESP =  -1.0164017637E+00     ESP at Nucleus =  -1.0194986271E+00
           ESPe = -4.5553773793E+01     ESPe at Nucleus = -4.5364078422E+01
           ESPn =  4.4537372030E+01     ESPn at Nucleus =  4.4344579794E+01

CP# 9      Coords =  3.01981735705667E+00  3.89926145057386E+00  7.95296731605440E+00
           Type = (3,-3) NACP H9
           Rho =  4.0528101307E-01     Rho at Nucleus =  3.9769772490E-01
           GradRho =  2.5073421642E-09 -6.6827205679E-09 -2.0134854018E-09
           HessRho_EigVals = -7.9803642328E+00 -7.9647694802E+00 -6.4403604933E+00
           HessRho_EigVec1 = -6.2319008462E-02 -3.1511261482E-01  9.4700600904E-01
           HessRho_EigVec2 =  9.3869837464E-01  3.0383819320E-01  1.6287330600E-01
           HessRho_EigVec3 = -3.3906002808E-01  8.9910310440E-01  2.7686080443E-01
           DelSqRho = -2.2385494206E+01
           Bond Ellipticity = NA
           V = -5.6492726510E+00
           G =  2.6449549714E-02
           K =  5.6228231013E+00
           L =  5.5963735516E+00
           Vnuc =  6.4362785329E+01
           Ven = -2.6085014842E+01
           Vrep =  2.0435742191E+01
           DelSqV =  1.3964675841E+03
           DelSqVen =  1.4407927649E+03
           DelSqVrep = -4.4325180819E+01
           DelSqG =  1.0504157074E+02
           DelSqK = -1.5015091548E+03
           Stress_EigVals = -2.0167254100E+00 -2.0126990083E+00 -1.6198482327E+00
           Stress_EigVec1 =  9.3895684195E-01  3.0156064267E-01  1.6559356193E-01
           Stress_EigVec2 = -6.7330711864E-02 -3.1094474331E-01  9.4804005287E-01
           Stress_EigVec3 = -3.3738201523E-01  9.0131822649E-01  2.7165940146E-01
           -DivStress = -7.4384974257E+00  1.9926011039E+01  5.9181231207E+00
           ESP =  -9.9470989036E-01     ESP at Nucleus =  -9.9779855432E-01
           ESPe = -4.3794963696E+01     ESPe at Nucleus = -4.3576566261E+01
           ESPn =  4.2800253805E+01     ESPn at Nucleus =  4.2578767707E+01

CP# 10     Coords = -2.34940674835439E+00 -3.82689252276254E+00 -7.95400519810528E+00
           Type = (3,-3) NACP H10
           Rho =  4.0608707715E-01     Rho at Nucleus =  3.9855074399E-01
           GradRho = -1.2845575298E-12  2.0300601478E-12  7.6012308427E-13
           HessRho_EigVals = -7.9989492721E+00 -7.9844509127E+00 -6.4661473666E+00
           HessRho_EigVec1 =  1.7681202331E-01  4.4708562055E-01 -8.7684203612E-01
           HessRho_EigVec2 =  8.4126596379E-01  3.9377858215E-01  3.7041869069E-01
           HessRho_EigVec3 = -5.1089048394E-01  8.0315183878E-01  3.0649312762E-01
           DelSqRho = -2.2449547551E+01
           Bond Ellipticity = NA
           V = -5.6656063431E+00
           G =  2.6609727637E-02
           K =  5.6389966155E+00
           L =  5.6123868878E+00
           Vnuc =  6.5034857563E+01
           Ven = -2.6409815220E+01
           Vrep =  2.0744208877E+01
           DelSqV =  1.4014648320E+03
           DelSqVen =  1.4600031273E+03
           DelSqVrep = -5.8538295316E+01
           DelSqG =  1.0542213777E+02
           DelSqK = -1.5068869698E+03
           Stress_EigVals = -2.0215110332E+00 -2.0176672407E+00 -1.6264280693E+00
           Stress_EigVec1 =  8.4223149840E-01  3.9367073868E-01  3.6833334440E-01
           Stress_EigVec2 =  1.7814238997E-01  4.4161977272E-01 -8.7933910708E-01
           Stress_EigVec3 = -5.0883336368E-01  8.0622287604E-01  3.0181663665E-01
           -DivStress =  1.1196501611E+01 -1.7802222452E+01 -6.5872151884E+00
           ESP =  -1.0087719750E+00     ESP at Nucleus =  -1.0118042538E+00
           ESPe = -4.4380648106E+01     ESPe at Nucleus = -4.4167131353E+01
           ESPn =  4.3371876131E+01     ESPn at Nucleus =  4.3155327099E+01

CP# 11     Coords =  7.33184589996800E-01 -3.63478347906834E+00  8.85639884598493E+00
           Type = (3,-3) NACP H11
           Rho =  4.0494524972E-01     Rho at Nucleus =  3.9733476937E-01
           GradRho =  6.6371907970E-13  4.2197495498E-13 -3.4815206273E-13
           HessRho_EigVals = -7.9722795368E+00 -7.9566742480E+00 -6.4276518815E+00
           HessRho_EigVec1 = -5.3596331065E-01  8.4414654344E-01  1.2646850654E-02
           HessRho_EigVec2 =  3.4905498927E-01  2.0793155640E-01  9.1374235008E-01
           HessRho_EigVec3 =  7.6870276707E-01  4.9414682135E-01 -4.0609724802E-01
           DelSqRho = -2.2356605666E+01
           Bond Ellipticity = NA
           V = -5.6417913980E+00
           G =  2.6319990727E-02
           K =  5.6154714073E+00
           L =  5.5891514166E+00
           Vnuc =  6.4362290871E+01
           Ven = -2.6063203949E+01
           Vrep =  2.0421412551E+01
           DelSqV =  1.3940978498E+03
           DelSqVen =  1.4389223568E+03
           DelSqVrep = -4.4824506960E+01
           DelSqG =  1.0486266531E+02
           DelSqK = -1.4989605151E+03
           Stress_EigVals = -2.0147062845E+00 -2.0104842015E+00 -1.6166009121E+00
           Stress_EigVec1 =  3.4649782429E-01  2.1383638425E-01  9.1335275690E-01
           Stress_EigVec2 = -5.3382379397E-01  8.4558352000E-01  4.5461741178E-03
           Stress_EigVec3 =  7.7134390174E-01  4.8914467336E-01 -4.0714379987E-01
