 AIMExt (Version 19.10.12, Professional)
 Portions Copyright (c) 1997-2019 by Todd A. Keith
 AIMExt is a component of the AIMAll package ( http://aim.tkgristmill.com )

 TP:  64-bit Linux

 AIMExt is a heavily modified and extended version of the EXTREME program
 developed by members of R.F.W. Bader's research group

 Much of the Quantum Theory of Atoms in Molecules (QTAIM) is described in the book:
   "Atoms in Molecules - A Quantum Theory"
   R.F.W. Bader, Oxford University Press, Oxford, 1990

 For additional references see:  http://aim.tkgristmill.com/references.html

 Wfx File:  /home/vallet/ANL/CeIV-dimer/CeIII-OH-CeIV/staggered-structure-Ce-dinuclear/geom-pbe0-cosmo/g16-qtaim/CeIII-OH-CeIV-staggered.qtaim.wfx
 ExtOut File:  /home/vallet/ANL/CeIV-dimer/CeIII-OH-CeIV/staggered-structure-Ce-dinuclear/geom-pbe0-cosmo/g16-qtaim/CeIII-OH-CeIV-staggered.qtaim.extout
 Mgp File:  /home/vallet/ANL/CeIV-dimer/CeIII-OH-CeIV/staggered-structure-Ce-dinuclear/geom-pbe0-cosmo/g16-qtaim/CeIII-OH-CeIV-staggered.qtaim.mgp

 MgpViz File:  /home/vallet/ANL/CeIV-dimer/CeIII-OH-CeIV/staggered-structure-Ce-dinuclear/geom-pbe0-cosmo/g16-qtaim/CeIII-OH-CeIV-staggered.qtaim.mgpviz

 Wfx Title:   CeIII-OH-CeIV-staggered.nlmos.chk                                             
 Job Title:  Auto                                                                           
 
Nuclear Charges and Cartesian Coordinates:
-------------------------------------------------------------------------------
Atom      Charge                X                  Y                  Z
-------------------------------------------------------------------------------
O1         8.0           1.0697189201E+00   2.9165797860E-01  -4.5143543266E-01
Ce2       58.0           3.8735095871E-01  -6.0237128058E-01   4.3052210984E+00
O3         8.0           1.9445487887E-01  -4.1569786201E+00   7.7140175375E+00
O4         8.0           3.6253594982E+00  -4.1910369561E+00   3.3286720474E+00
N5         7.0           5.5075584785E+00  -2.8742162804E+00   2.7426578129E+00
O6         8.0           7.5367443190E+00  -3.8210496453E+00   2.2582416240E+00
O7         8.0           5.1922263624E+00  -5.1337548048E-01   2.6811368615E+00
O8         8.0          -1.8783881868E+00   6.0415208658E-01   8.5610816412E+00
O9         8.0          -2.2201428998E+00   3.5379105616E+00   3.6919887331E+00
N10        7.0          -4.5491493598E-01   5.0676552201E+00   4.1091346874E+00
O11        8.0          -7.7758365419E-01   7.3360313781E+00   4.0011112076E+00
O12        8.0           1.6655927839E+00   4.1396118909E+00   4.6466834832E+00
O13        8.0           3.3789542393E+00   9.5575072739E-02   8.1272888340E+00
O14        8.0          -2.0311750136E+00  -4.5059171425E+00   2.5061671667E+00
N15        7.0          -4.2177516033E+00  -3.7172515735E+00   2.9830039542E+00
O16        8.0          -6.0820674086E+00  -4.9349856305E+00   2.4364253215E+00
O17        8.0          -4.3875814350E+00  -1.6032295533E+00   4.0551906558E+00
Ce18      58.0          -1.8047608114E-01   7.2901552246E-01  -4.2673614482E+00
O19        8.0          -1.3395689466E+00   3.9447045624E+00  -7.6769973288E+00
O20        8.0          -3.2258331728E+00   3.9333630835E+00  -2.8231699648E+00
N21        7.0          -4.7964826679E+00   2.4273223780E+00  -1.8359382288E+00
O22        8.0          -6.7272742735E+00   3.1439596251E+00  -8.8853742601E-01
O23        8.0          -4.1873962269E+00   1.2758343329E-01  -1.9209999085E+00
O24        8.0           1.2309123859E+00  -3.8027374060E-01  -8.7333650271E+00
O25        8.0           2.7047983377E+00  -3.0432708858E+00  -4.3331230048E+00
N26        7.0           9.9328342999E-01  -4.6592946349E+00  -4.0157391415E+00
O27        8.0           1.4251162616E+00  -6.8838431940E+00  -3.8575380592E+00
O28        8.0          -1.2273262822E+00  -3.7877264534E+00  -3.8676172207E+00
O29        8.0          -3.6978913030E+00  -6.6530625425E-01  -7.3146365067E+00
O30        8.0           1.9258527088E+00   4.8994110125E+00  -3.4567196050E+00
N31        7.0           4.0564433150E+00   4.2709003045E+00  -4.2989336015E+00
O32        8.0           5.8202912086E+00   5.6964985673E+00  -4.3611315610E+00
O33        8.0           4.2207221872E+00   2.0147969142E+00  -5.0824598938E+00
H34        1.0           2.8702475517E+00  -1.1594168266E+00  -8.9018644760E+00
H35        1.0          -3.3786309751E+00   1.6221546071E+00   8.3819181077E+00
H36        1.0           3.3288551334E-02  -1.5167708720E+00  -9.5122686979E+00
H37        1.0          -7.4569291686E-01   1.5645268215E+00   9.6187569260E+00
H38        1.0          -4.9487818709E+00  -1.8195148541E+00  -6.6622396042E+00
H39        1.0           4.9251254803E+00   9.8957746292E-01   7.7663344839E+00
H40        1.0          -4.6119794307E+00   7.6514447941E-01  -7.9833442261E+00
H41        1.0           3.8795013145E+00  -1.4960648217E+00   8.8628660046E+00
H42        1.0          -1.3986383113E+00   5.6981802406E+00  -7.1833552548E+00
H43        1.0          -1.0090429601E-01  -5.8481200909E+00   7.1053771619E+00
H44        1.0          -2.1552242395E-01   3.8444592160E+00  -9.1108838095E+00
H45        1.0          -1.1689546052E+00  -3.7861625965E+00   8.8673854322E+00
H46        1.0           2.8979431629E+00   2.9359574110E-01  -2.5990935705E-01

Total number of electron density critical points found =    125

Electron Density Critical Point Analysis of Molecular Structure:
---------------------------------------------------------------
  NACP = Nuclear Attractor Critical Point
  NNACP = Non-Nuclear Attractor Critical Point
  BCP = Bond Critical Point
  RCP = Ring Critical Point
  CCP = Cage Critical Point
  Rho = Electron Density
  GradRho = Gradient of Electron Density
  HessRho_EigVals = Eigenvalues of the Hessian of Rho, Ascending Order
  HessRho_EigVecs = Eigenvectors of the Hessian of Rho
  DelSqRho = Laplacian of Rho = Trace of Hessian of Rho
  Bond Ellipticity = (HessRho_EigVal(1) / HessRho_EigVal(2)) - 1
  V = Virial Field = Potential Energy Density = Trace of Stress Tensor
  G = Lagrangian Form of Kinetic Energy Density
  K = Hamiltonian Form of Kinetic Energy Density
  L = K - G = Lagrangian Density = (-1/4)DelSqRho
  Vnuc = Electrostatic Potential from Nuclei
  Ven = Electron-nuclear attractive contribution to Virial Field V
  Vrep = V - Ven = Repulsive contribution to Virial Field V
  DelSqV = Laplacian of V
  DelSqVen = Laplacian of Ven
  DelSqVrep = Laplacian of Vrep
  DelSqG = Laplacian of G
  DelSqK = Laplacian of K
  Stress_EigVals = Eigenvalues of Stress Tensor, Ascending Order
  Stress_EigVecs = Eigenvectors of Stress Tensor
  -DivStress = Ehrenfest Force Density = Minus Divergence of Stress Tensor
  ESP = Total Electrostatic Potential
  ESPe = Electrostatic Potential from Electrons
  ESPn = Electrostatic Potential from Nuclei
  BP = Bond Path
  BPL = Bond Path Length
  GBL = Geometric Bond Length
  GBL_I = Distance Between Nuclear Attractors
  GBL_II = Distance Between Nuclei
  GBL_III = Sum of Distances Between BCP and Nuclear Attractors
  GBL_IV = Sum of Distances Between BCP and Nuclei

CP# 1      Coords =  1.06972241412635E+00  2.91658039369125E-01 -4.51435777221292E-01
           Type = (3,-3) NACP O1
           Rho =  3.0157269487E+02     Rho at Nucleus =  3.0157268561E+02
           GradRho =  1.6128149467E-10 -2.0454334840E-11 -2.2950563325E-11
           HessRho_EigVals = -1.5024157021E+06 -1.5023998849E+06 -1.5023952618E+06
           HessRho_EigVec1 =  9.8496486871E-01  5.0400002751E-03  1.7268122597E-01
           HessRho_EigVec2 = -1.7008152512E-01 -1.4687389780E-01  9.7442307698E-01
           HessRho_EigVec3 = -3.0273457311E-02  9.8914238436E-01  1.4380841853E-01
           DelSqRho = -4.5072108488E+06
           Bond Ellipticity = NA
           V = -1.1269524989E+06
           G =  7.4893362464E+01
           K =  1.1268776056E+06
           L =  1.1268027122E+06
           Vnuc =  2.2783095168E+06
           Ven = -6.8707594075E+08
           Vrep =  6.8594898825E+08
           DelSqV =  2.1962881947E+11
           DelSqVen =  1.0268821365E+13
           DelSqVrep = -1.0049192562E+13
           DelSqG =  5.6154533097E+09
           DelSqK = -2.2524427278E+11
           Stress_EigVals = -3.7565284335E+05 -3.7565180827E+05 -3.7564784730E+05
           Stress_EigVec1 = -2.8510305095E-02  9.8945022731E-01  1.4204017104E-01
           Stress_EigVec2 = -1.3742876491E-01 -1.4462851180E-01  9.7989587618E-01
           Stress_EigVec3 =  9.9010125597E-01  8.4167251177E-03  1.4010232567E-01
           -DivStress = -2.5283552196E+05 -4.3955276056E+03  2.4929358423E+04
           ESP =  -2.2315359621E+01     ESP at Nucleus =  -2.2315359731E+01
           ESPe = -8.4061114046E+01     ESPe at Nucleus = -8.4061119456E+01
           ESPn =  6.1745754424E+01     ESPn at Nucleus =  6.1745759725E+01

CP# 2      Coords =  3.87350958712300E-01 -6.02371280581400E-01  4.30522109836900E+00
           Type = (3,-3) NACP Ce2
           Rho =  1.0618359195E+06     Rho at Nucleus =  1.0618359195E+06
           GradRho = -4.0623979602E-04 -8.5400159603E-05  1.4045723609E-03
           HessRho_EigVals = -3.2726862913E+13 -3.2726862913E+13 -3.2726862913E+13
           HessRho_EigVec1 =  5.4054331948E-02  8.9858095896E-01  4.3546571553E-01
           HessRho_EigVec2 =  9.8775090668E-01 -1.1204685309E-01  1.0859856842E-01
           HessRho_EigVec3 = -1.4637716881E-01 -4.2426143227E-01  8.9363077473E-01
           DelSqRho = -9.8180588740E+13
           Bond Ellipticity = NA
           V = -1.6219045355E+03
           G =  3.0202364188E+01
           K =  1.5917021713E+03
           L =  2.4545147185E+13
           Vnuc =  5.8000000428E+09
           Ven = -6.1586483788E+15
           Vrep =  6.1586483788E+15
           DelSqV =  8.4930980722E+08
           DelSqVen =  1.8475945057E+32
           DelSqVrep = -1.8475945057E+32
           DelSqG =  4.7177108859E+07
           DelSqK = -8.9648691608E+08
           Stress_EigVals = -5.4064457763E+02 -5.4063584701E+02 -5.4062411090E+02
           Stress_EigVec1 = -1.4864448601E-01  9.7538056702E-01  1.6290354893E-01
           Stress_EigVec2 =  9.8814157725E-01  1.5291352915E-01 -1.3916749675E-02
           Stress_EigVec3 =  3.8484283767E-02 -1.5890312168E-01  9.8654384486E-01
           -DivStress =  3.4541569382E+00  7.0948107710E-01 -1.4612780276E+01
           ESP =  -3.7750644498E+02     ESP at Nucleus =  -3.7750644498E+02
           ESPe = -4.2031867403E+02     ESPe at Nucleus = -4.2031867403E+02
           ESPn =  4.2812229053E+01     ESPn at Nucleus =  4.2812229053E+01

CP# 3      Coords =  1.94450893635648E-01 -4.15698137282132E+00  7.71401828953275E+00
           Type = (3,-3) NACP O3
           Rho =  3.0126857525E+02     Rho at Nucleus =  3.0126855722E+02
           GradRho =  7.3261816535E-12  3.7420627243E-10 -4.9773154164E-10
           HessRho_EigVals = -1.5007677287E+06 -1.5007514422E+06 -1.5007320852E+06
           HessRho_EigVec1 = -3.6145675184E-01  7.1090989269E-01  6.0328777629E-01
           HessRho_EigVec2 = -6.8588419256E-01 -6.4103179220E-01  3.4444319674E-01
           HessRho_EigVec3 =  6.3159472048E-01 -2.8928423024E-01  7.1930712717E-01
           DelSqRho = -4.5022512561E+06
           Bond Ellipticity = NA
           V = -1.1257146796E+06
           G =  7.5932801774E+01
           K =  1.1256387468E+06
           L =  1.1255628140E+06
           Vnuc =  1.6321755035E+06
           Ven = -4.9172318849E+08
           Vrep =  4.9059747381E+08
           DelSqV =  2.1938716772E+11
           DelSqVen =  7.3484642181E+12
           DelSqVrep = -7.1290770504E+12
           DelSqG =  5.6087410320E+09
           DelSqK = -2.2499590876E+11
           Stress_EigVals = -3.7524269891E+05 -3.7523750413E+05 -3.7523447659E+05
           Stress_EigVec1 = -6.0700748540E-01  3.1240638616E-01 -7.3071482984E-01
           Stress_EigVec2 =  7.0870100096E-01  6.2882661746E-01 -3.1987493872E-01
           Stress_EigVec3 = -3.5956196115E-01  7.1202481352E-01  6.0310518239E-01
           -DivStress =  2.8806256777E+05  1.9897544779E+05 -5.4360103174E+04
           ESP =  -2.2258268504E+01     ESP at Nucleus =  -2.2258268733E+01
           ESPe = -6.5232224299E+01     ESPe at Nucleus = -6.5232234390E+01
           ESPn =  4.2973955795E+01     ESPn at Nucleus =  4.2973965657E+01

CP# 4      Coords =  3.62536404604133E+00 -4.19103280630827E+00  3.32867061163345E+00
           Type = (3,-3) NACP O4
           Rho =  3.0195930291E+02     Rho at Nucleus =  3.0195927284E+02
           GradRho =  2.1882453488E-10  3.1220699637E-11 -1.4703260441E-10
           HessRho_EigVals = -1.5045055587E+06 -1.5044780184E+06 -1.5044604180E+06
           HessRho_EigVec1 =  8.2089953008E-01  5.1193151467E-01 -2.5308118423E-01
           HessRho_EigVec2 =  2.5238096160E-01  7.2322256252E-02  9.6492141725E-01
           HessRho_EigVec3 = -5.1227708493E-01  8.5597641062E-01  6.9832461774E-02
           DelSqRho = -4.5134439951E+06
           Bond Ellipticity = NA
           V = -1.1285093880E+06
           G =  7.4194597960E+01
           K =  1.1284351934E+06
           L =  1.1283609988E+06
           Vnuc =  1.2655107716E+06
           Ven = -3.8213275041E+08
           Vrep =  3.8100424102E+08
           DelSqV =  2.1993226750E+11
           DelSqVen =  5.7118120018E+12
           DelSqVrep = -5.4918797333E+12
           DelSqG =  5.6238068704E+09
           DelSqK = -2.2555607437E+11
           Stress_EigVals = -3.7617530365E+05 -3.7617094680E+05 -3.7616313752E+05
           Stress_EigVec1 = -5.2748273318E-01  8.4622535953E-01  7.5263584054E-02
           Stress_EigVec2 =  2.5129061794E-01  7.0782578792E-02  9.6532007742E-01
           Stress_EigVec3 =  8.1155097901E-01  5.2810270538E-01 -2.4998508163E-01
           -DivStress = -3.2952056180E+05 -3.0066821989E+05  1.0402953646E+05
           ESP =  -2.2327579496E+01     ESP at Nucleus =  -2.2327579776E+01
           ESPe = -7.1197834626E+01     ESPe at Nucleus = -7.1197822941E+01
           ESPn =  4.8870255130E+01     ESPn at Nucleus =  4.8870243166E+01

CP# 5      Coords =  5.50755820595364E+00 -2.87421612063470E+00  2.74265788685566E+00
           Type = (3,-3) NACP N5
           Rho =  1.9838561386E+02     Rho at Nucleus =  1.9838561383E+02
           GradRho = -5.1170472974E-10  6.8023688476E-12 -8.4801004211E-11
           HessRho_EigVals = -7.3837395591E+05 -7.3837330004E+05 -7.3837248083E+05
           HessRho_EigVec1 =  2.6084804463E-01  1.1611840730E-01  9.5837091624E-01
           HessRho_EigVec2 =  3.3781188988E-01  9.1899680001E-01 -2.0329291337E-01
           HessRho_EigVec3 =  9.0434585457E-01 -3.7677764936E-01 -2.0049233968E-01
           DelSqRho = -2.2151197368E+06
           Bond Ellipticity = NA
           V = -5.5383290797E+05
           G =  2.6486888433E+01
           K =  5.5380642108E+05
           L =  5.5377993419E+05
           Vnuc =  2.1576766231E+07
           Ven = -4.2805200140E+09
           Vrep =  4.2799661811E+09
           DelSqV =  7.8860274684E+10
           DelSqVen =  4.7795083936E+13
           DelSqVrep = -4.7716215272E+13
           DelSqG =  2.0616540377E+09
           DelSqK = -8.0921928721E+10
           Stress_EigVals = -1.8461142042E+05 -1.8461111412E+05 -1.8461037343E+05
           Stress_EigVec1 =  9.0416504328E-01 -3.6997771599E-01 -2.1354639819E-01
           Stress_EigVec2 =  3.4111393731E-01  9.2622942246E-01 -1.6043795917E-01
           Stress_EigVec3 =  2.5715142675E-01  7.2218741613E-02  9.6366882126E-01
           -DivStress =  7.0708484547E+03 -4.1458420288E+03 -1.9167908375E+03
           ESP =  -1.8107364092E+01     ESP at Nucleus =  -1.8107364097E+01
           ESPe = -6.7314819480E+01     ESPe at Nucleus = -6.7314818371E+01
           ESPn =  4.9207455388E+01     ESPn at Nucleus =  4.9207454273E+01

CP# 6      Coords =  7.53673825285844E+00 -3.82104682133600E+00  2.25824307146059E+00
           Type = (3,-3) NACP O6
           Rho =  3.0198059789E+02     Rho at Nucleus =  3.0198056263E+02
           GradRho =  2.0298385694E-10 -3.0709566834E-11  3.0382262255E-10
           HessRho_EigVals = -1.5046082231E+06 -1.5045896541E+06 -1.5045611630E+06
           HessRho_EigVec1 =  8.8542528451E-01 -4.1336897118E-01 -2.1248096199E-01
           HessRho_EigVec2 =  2.5947058888E-01  6.0330888139E-02  9.6386471947E-01
           HessRho_EigVec3 =  3.8561260230E-01  9.0856275380E-01 -1.6067558417E-01
           DelSqRho = -4.5137590401E+06
           Bond Ellipticity = NA
           V = -1.1285887928E+06
           G =  7.4516373422E+01
           K =  1.1285142764E+06
           L =  1.1284397600E+06
           Vnuc =  1.1685933245E+06
           Ven = -3.5289251082E+08
           Vrep =  3.5176392203E+08
           DelSqV =  2.1994760273E+11
           DelSqVen =  5.2747486822E+12
           DelSqVrep = -5.0548010795E+12
           DelSqG =  5.6241976352E+09
           DelSqK = -2.2557180036E+11
           Stress_EigVals = -3.7620287342E+05 -3.7619585521E+05 -3.7619006414E+05
           Stress_EigVec1 =  3.8551599529E-01  9.0860870301E-01 -1.6064757140E-01
           Stress_EigVec2 =  2.5927277775E-01  6.0418084118E-02  9.6391248660E-01
           Stress_EigVec3 =  8.8552529275E-01 -4.1325522372E-01 -2.1228536448E-01
           -DivStress =  4.3955020574E+05 -2.0462344468E+05 -1.0488325345E+05
           ESP =  -2.2370007471E+01     ESP at Nucleus =  -2.2370007844E+01
           ESPe = -6.1625438948E+01     ESPe at Nucleus = -6.1625407575E+01
           ESPn =  3.9255431477E+01     ESPn at Nucleus =  3.9255399731E+01

CP# 7      Coords =  5.19222640825024E+00 -5.13381717063274E-01  2.68113708190078E+00
           Type = (3,-3) NACP O7
           Rho =  3.0195606360E+02     Rho at Nucleus =  3.0195603431E+02
           GradRho =  5.3949557322E-10  5.1091162551E-12  2.6534139469E-11
           HessRho_EigVals = -1.5044916040E+06 -1.5044631708E+06 -1.5044459260E+06
           HessRho_EigVec1 = -1.8174115766E-01  9.8309045026E-01 -2.2434754664E-02
           HessRho_EigVec2 =  2.4853672550E-01  6.7996337458E-02  9.6623288816E-01
           HessRho_EigVec3 =  9.5141980623E-01  1.7002842320E-01 -2.5669181447E-01
           DelSqRho = -4.5134007007E+06
           Bond Ellipticity = NA
           V = -1.1284985243E+06
           G =  7.4174581119E+01
           K =  1.1284243498E+06
           L =  1.1283501752E+06
           Vnuc =  1.2819682886E+06
           Ven = -3.8709809808E+08
           Vrep =  3.8596959955E+08
           DelSqV =  2.1993017081E+11
           DelSqVen =  5.7860365763E+12
           DelSqVrep = -5.5661064054E+12
           DelSqG =  5.6237583018E+09
           DelSqK = -2.2555392911E+11
           Stress_EigVals = -3.7617168721E+05 -3.7616742528E+05 -3.7615941185E+05
           Stress_EigVec1 =  9.5399928418E-01  1.5275241738E-01 -2.5797686868E-01
           Stress_EigVec2 =  2.5103311339E-01  6.3458602838E-02  9.6589615472E-01
           Stress_EigVec3 = -1.6391382423E-01  9.8622497672E-01 -2.2193546769E-02
           -DivStress = -3.3264403577E+03  4.5186782765E+05 -1.5964873533E+04
           ESP =  -2.2319201451E+01     ESP at Nucleus =  -2.2319201709E+01
           ESPe = -7.2073755087E+01     ESPe at Nucleus = -7.2073745710E+01
           ESPn =  4.9754553636E+01     ESPn at Nucleus =  4.9754544001E+01

CP# 8      Coords = -1.87838882006801E+00  6.04156742032854E-01  8.56108313939236E+00
           Type = (3,-3) NACP O8
           Rho =  3.0127320142E+02     Rho at Nucleus =  3.0127318317E+02
           GradRho = -2.2465344147E-11 -6.2826771888E-11 -8.0706388816E-10
           HessRho_EigVals = -1.5007917323E+06 -1.5007753491E+06 -1.5007560310E+06
           HessRho_EigVec1 =  9.0501060725E-01 -2.0609146683E-02  4.2488947250E-01
           HessRho_EigVec2 = -2.1274810726E-01  8.4300736430E-01  4.9404132074E-01
           HessRho_EigVec3 = -3.6836672437E-01 -5.3750706676E-01  7.5854604973E-01
           DelSqRho = -4.5023231123E+06
           Bond Ellipticity = NA
           V = -1.1257326165E+06
           G =  7.5919232427E+01
           K =  1.1256566973E+06
           L =  1.1255807781E+06
           Vnuc =  1.6222913426E+06
           Ven = -4.8875290643E+08
           Vrep =  4.8762717381E+08
           DelSqV =  2.1939066118E+11
           DelSqVen =  7.3040798188E+12
           DelSqVrep = -7.0846891576E+12
           DelSqG =  5.6088338009E+09
           DelSqK = -2.2499949498E+11
           Stress_EigVals = -3.7524868616E+05 -3.7524348563E+05 -3.7524044475E+05
           Stress_EigVec1 = -3.7575682512E-01 -5.0815719346E-01  7.7497295121E-01
           Stress_EigVec2 = -1.9913284183E-01  8.6099505769E-01  4.6801027973E-01
           Stress_EigVec3 =  9.0507067110E-01 -2.1535490718E-02  4.2471555535E-01
           -DivStress =  4.5776245222E+04 -3.3651068249E+05 -1.0829703664E+05
           ESP =  -2.2257516654E+01     ESP at Nucleus =  -2.2257516885E+01
           ESPe = -6.5129580156E+01     ESPe at Nucleus = -6.5129590298E+01
           ESPn =  4.2872063502E+01     ESPn at Nucleus =  4.2872073413E+01

CP# 9      Coords = -2.22013772760742E+00  3.53791400592261E+00  3.69198992788696E+00
           Type = (3,-3) NACP O9
           Rho =  3.0196358805E+02     Rho at Nucleus =  3.0196355792E+02
           GradRho = -2.1353303847E-10 -6.9619782161E-11 -2.2714706505E-10
           HessRho_EigVals = -1.5045275669E+06 -1.5044996190E+06 -1.5044826163E+06
           HessRho_EigVec1 =  7.1053099218E-01  6.8301402294E-01  1.6922633844E-01
           HessRho_EigVec2 = -2.4842090104E-01  1.8475618857E-02  9.6847597153E-01
           HessRho_EigVec3 =  6.5835610811E-01 -7.3017155243E-01  1.8280245880E-01
           DelSqRho = -4.5135098022E+06
           Bond Ellipticity = NA
           V = -1.1285258418E+06
           G =  7.4195603044E+01
           K =  1.1284516461E+06
           L =  1.1283774505E+06
           Vnuc =  1.2642905931E+06
           Ven = -3.8176972382E+08
           Vrep =  3.8064119798E+08
           DelSqV =  2.1993546976E+11
           DelSqVen =  5.7063879864E+12
           DelSqVrep = -5.4864525156E+12
           DelSqG =  5.6238912392E+09
           DelSqK = -2.2555936100E+11
           Stress_EigVals = -3.7618072704E+05 -3.7617651768E+05 -3.7616859703E+05
           Stress_EigVec1 =  6.4486532599E-01 -7.4285510252E-01  1.7976375608E-01
           Stress_EigVec2 = -2.4745200366E-01  1.9605777305E-02  9.6870177009E-01
           Stress_EigVec3 =  7.2312946090E-01  6.6916508438E-01  1.7117789757E-01
           -DivStress = -3.7475357378E+05 -2.4956537994E+05 -8.6571905102E+04
           ESP =  -2.2339032065E+01     ESP at Nucleus =  -2.2339032350E+01
           ESPe = -7.3380029530E+01     ESPe at Nucleus = -7.3380022161E+01
           ESPn =  5.1040997465E+01     ESPn at Nucleus =  5.1040989812E+01

CP# 10     Coords = -4.54914879705309E-01  5.06765492207314E+00  4.10913469813986E+00
           Type = (3,-3) NACP N10
           Rho =  1.9838639909E+02     Rho at Nucleus =  1.9838639905E+02
           GradRho =  5.1535650910E-11 -3.9172359150E-10 -1.0305797645E-10
           HessRho_EigVals = -7.3837751681E+05 -7.3837681588E+05 -7.3837604959E+05
           HessRho_EigVec1 = -2.4286340187E-01  2.0342866812E-02  9.6984717136E-01
           HessRho_EigVec2 =  9.6411148544E-01  1.1561608150E-01  2.3900201953E-01
           HessRho_EigVec3 = -1.0726794336E-01  9.9308564055E-01 -4.7691706404E-02
           DelSqRho = -2.2151303823E+06
           Bond Ellipticity = NA
           V = -5.5383556676E+05
           G =  2.6485595586E+01
           K =  5.5380908116E+05
           L =  5.5378259557E+05
           Vnuc =  2.3067880668E+07
           Ven = -4.5763537803E+09
           Vrep =  4.5757999447E+09
           DelSqV =  7.8860654745E+10
           DelSqVen =  5.1098383548E+13
           DelSqVrep = -5.1019506116E+13
           DelSqG =  2.0616657141E+09
           DelSqK = -8.0922320459E+10
           Stress_EigVals = -1.8461229947E+05 -1.8461201179E+05 -1.8461125549E+05
           Stress_EigVec1 = -1.1117247884E-01  9.9288552154E-01 -4.2649983220E-02
           Stress_EigVec2 =  9.6411505109E-01  1.1816327452E-01  2.3773853037E-01
           Stress_EigVec3 = -2.4108680639E-01  1.4689509015E-02  9.7039237946E-01
           -DivStress = -1.4610250244E+03  7.7312541643E+03 -2.7852298566E+02
           ESP =  -1.8119816396E+01     ESP at Nucleus =  -1.8119816402E+01
           ESPe = -6.7998573723E+01     ESPe at Nucleus = -6.7998572700E+01
           ESPn =  4.9878757326E+01     ESPn at Nucleus =  4.9878756298E+01

CP# 11     Coords = -7.77582693854963E-01  7.33602462759623E+00  4.00111153111408E+00
           Type = (3,-3) NACP O11
           Rho =  3.0197481191E+02     Rho at Nucleus =  3.0197477686E+02
           GradRho = -2.6172851213E-11 -5.7928691032E-11 -5.9570702971E-11
           HessRho_EigVals = -1.5045795366E+06 -1.5045605031E+06 -1.5045324932E+06
           HessRho_EigVec1 = -1.4087187092E-01  9.8891029974E-01 -4.7026960974E-02
           HessRho_EigVec2 = -2.3932158798E-01  1.2077093420E-02  9.7086524366E-01
           HessRho_EigVec3 =  9.6066658811E-01  1.4802217027E-01  2.3496626056E-01
           DelSqRho = -4.5136725329E+06
           Bond Ellipticity = NA
           V = -1.1285671805E+06
           G =  7.4523613267E+01
           K =  1.1284926568E+06
           L =  1.1284181332E+06
           Vnuc =  1.1720060185E+06
           Ven = -3.5391629699E+08
           Vrep =  3.5278772981E+08
           DelSqV =  2.1994339870E+11
           DelSqVen =  5.2900513669E+12
           DelSqVrep = -5.0701079682E+12
           DelSqG =  5.6240893482E+09
           DelSqK = -2.2556748805E+11
           Stress_EigVals = -3.7619562614E+05 -3.7618872638E+05 -3.7618282794E+05
           Stress_EigVec1 =  9.6066877960E-01  1.4803294335E-01  2.3495051306E-01
           Stress_EigVec2 = -2.3932274733E-01  1.2193319452E-02  9.7086350512E-01
           Stress_EigVec3 = -1.4085495559E-01  9.8890726089E-01 -4.7141392015E-02
           -DivStress = -6.9583483517E+04  4.8912551089E+05 -2.3442087652E+04
           ESP =  -2.2381756954E+01     ESP at Nucleus =  -2.2381757319E+01
           ESPe = -6.2434889975E+01     ESPe at Nucleus = -6.2434858879E+01
           ESPn =  4.0053133021E+01     ESPn at Nucleus =  4.0053101560E+01

CP# 12     Coords =  1.66558691126010E+00  4.13961357323739E+00  4.64668197297522E+00
           Type = (3,-3) NACP O12
           Rho =  3.0195510251E+02     Rho at Nucleus =  3.0195507272E+02
           GradRho =  9.3852585425E-11  3.7719372070E-10 -4.9725117600E-10
           HessRho_EigVals = -1.5044833593E+06 -1.5044551974E+06 -1.5044383229E+06
           HessRho_EigVec1 =  8.7183410881E-01 -4.3792213528E-01  2.1938434346E-01
           HessRho_EigVec2 = -2.3609817633E-01  1.6697615583E-02  9.7158573516E-01
           HessRho_EigVec3 =  4.2914209518E-01  8.9885782695E-01  8.8835066713E-02
           DelSqRho = -4.5133768796E+06
           Bond Ellipticity = NA
           V = -1.1284925724E+06
           G =  7.4176239888E+01
           K =  1.1284183961E+06
           L =  1.1283442199E+06
           Vnuc =  1.2713479671E+06
           Ven = -3.8389000572E+08
           Vrep =  3.8276151315E+08
           DelSqV =  2.1992899616E+11
           DelSqVen =  5.7380725197E+12
           DelSqVrep = -5.5181435235E+12
           DelSqG =  5.6237175050E+09
           DelSqK = -2.2555271366E+11
           Stress_EigVals = -3.7616962687E+05 -3.7616545033E+05 -3.7615749519E+05
           Stress_EigVec1 =  4.1242966337E-01  9.0705389509E-01  8.4587257755E-02
           Stress_EigVec2 = -2.3723675631E-01  1.7291193319E-02  9.7129796463E-01
           Stress_EigVec3 =  8.7955698748E-01 -4.2065929923E-01  2.2231792491E-01
           -DivStress =  4.2549446350E+05 -1.2189836316E+05  1.0942310327E+05
           ESP =  -2.2328799115E+01     ESP at Nucleus =  -2.2328799357E+01
           ESPe = -7.1061224410E+01     ESPe at Nucleus = -7.1061210384E+01
           ESPn =  4.8732425296E+01     ESPn at Nucleus =  4.8732411027E+01

CP# 13     Coords =  3.37895879688663E+00  9.55733012496198E-02  8.12728910100443E+00
           Type = (3,-3) NACP O13
           Rho =  3.0126454268E+02     Rho at Nucleus =  3.0126452468E+02
           GradRho = -1.3472124891E-12 -3.6108220363E-12  8.5338100692E-10
           HessRho_EigVals = -1.5007454846E+06 -1.5007292334E+06 -1.5007097058E+06
           HessRho_EigVec1 =  3.6023293269E-01  8.5353697612E-01 -3.7643972239E-01
           HessRho_EigVec2 =  9.2200683832E-01 -2.6438297739E-01  2.8285160660E-01
           HessRho_EigVec3 = -1.4190005038E-01  4.4897246203E-01  8.8220638404E-01
           DelSqRho = -4.5021844238E+06
           Bond Ellipticity = NA
           V = -1.1256979746E+06
           G =  7.5934348286E+01
           K =  1.1256220403E+06
           L =  1.1255461059E+06
           Vnuc =  1.6336741974E+06
           Ven = -4.9216810997E+08
           Vrep =  4.9104241199E+08
           DelSqV =  2.1938390904E+11
           DelSqVen =  7.3551025152E+12
           DelSqVrep = -7.1357186062E+12
           DelSqG =  5.6086494417E+09
           DelSqK = -2.2499255848E+11
           Stress_EigVals = -3.7523715225E+05 -3.7523192492E+05 -3.7522889748E+05
           Stress_EigVec1 = -1.0828434725E-01  4.3938597015E-01  8.9174798535E-01
           Stress_EigVec2 =  9.2626213526E-01 -2.8113728681E-01  2.5099857121E-01
           Stress_EigVec3 =  3.6098885984E-01  8.5317160947E-01 -3.7654381932E-01
           -DivStress = -3.2943016871E+05  1.2804536421E+05 -1.9299826221E+04
           ESP =  -2.2248911184E+01     ESP at Nucleus =  -2.2248911417E+01
           ESPe = -6.5184066580E+01     ESPe at Nucleus = -6.5184077125E+01
           ESPn =  4.2935155396E+01     ESPn at Nucleus =  4.2935165708E+01

CP# 14     Coords = -2.03118049181632E+00 -4.50591438437483E+00  2.50616872574463E+00
           Type = (3,-3) NACP O14
           Rho =  3.0196145956E+02     Rho at Nucleus =  3.0196142943E+02
           GradRho =  3.1215674490E-10  2.7484492460E-10  2.6860083602E-11
           HessRho_EigVals = -1.5045154285E+06 -1.5044874627E+06 -1.5044704446E+06
           HessRho_EigVec1 =  9.3982919476E-01 -2.8925756619E-01 -1.8179973895E-01
           HessRho_EigVec2 =  3.1026320616E-02 -4.5766941130E-01  8.8858093463E-01
           HessRho_EigVec3 =  3.4023293801E-01  8.4075488126E-01  4.2115647630E-01
           DelSqRho = -4.5134733358E+06
           Bond Ellipticity = NA
           V = -1.1285167131E+06
           G =  7.4189559635E+01
           K =  1.1284425235E+06
           L =  1.1283683340E+06
           Vnuc =  1.2641988321E+06
           Ven = -3.8173932452E+08
           Vrep =  3.8061080781E+08
           DelSqV =  2.1993368864E+11
           DelSqVen =  5.7059277138E+12
           DelSqVrep = -5.4859940262E+12
           DelSqG =  5.6238398422E+09
           DelSqK = -2.2555752848E+11
           Stress_EigVals = -3.7617768749E+05 -3.7617347340E+05 -3.7616555218E+05
           Stress_EigVec1 =  3.5781123666E-01  8.3517943082E-01  4.1766785519E-01
           Stress_EigVec2 =  3.0231272594E-02 -4.5740675103E-01  8.8874357059E-01
           Stress_EigVec3 =  9.3330444608E-01 -3.0537580529E-01 -1.8891381228E-01
           -DivStress =  3.9692879267E+05 -1.9983187767E+05 -1.1295774529E+05
           ESP =  -2.2341705269E+01     ESP at Nucleus =  -2.2341705550E+01
           ESPe = -7.3136961551E+01     ESPe at Nucleus = -7.3136952204E+01
           ESPn =  5.0795256283E+01     ESPn at Nucleus =  5.0795246654E+01

CP# 15     Coords = -4.21775136748975E+00 -3.71725139231963E+00  2.98300401294455E+00
           Type = (3,-3) NACP N15
           Rho =  1.9838581375E+02     Rho at Nucleus =  1.9838581372E+02
           GradRho =  1.9176490840E-10  1.8055082764E-10  1.6939723029E-10
           HessRho_EigVals = -7.3837593463E+05 -7.3837524649E+05 -7.3837447639E+05
           HessRho_EigVec1 =  2.6098228450E-02 -4.5787770625E-01  8.8863203216E-01
           HessRho_EigVec2 = -5.5876242314E-01  7.3042262796E-01  3.9276881119E-01
           HessRho_EigVec3 =  8.2891702658E-01  5.0678475774E-01  2.3678212004E-01
           DelSqRho = -2.2151256575E+06
           Bond Ellipticity = NA
           V = -5.5383439685E+05
           G =  2.6491238086E+01
           K =  5.5380790562E+05
           L =  5.5378141438E+05
           Vnuc =  2.3094443334E+07
           Ven = -4.5816099340E+09
           Vrep =  4.5810560996E+09
           DelSqV =  7.8860489484E+10
           DelSqVen =  5.1157078639E+13
           DelSqVrep = -5.1078226538E+13
           DelSqG =  2.0616629991E+09
           DelSqK = -8.0922152483E+10
           Stress_EigVals = -1.8461191062E+05 -1.8461162097E+05 -1.8461086527E+05
           Stress_EigVec1 =  8.2681493428E-01  5.1242160909E-01  2.3195076846E-01
           Stress_EigVec2 = -5.6166212075E-01  7.3000312053E-01  3.8939839000E-01
           Stress_EigVec3 =  3.0211364793E-02 -4.5223836477E-01  8.9138528980E-01
           -DivStress = -6.1166383849E+03 -4.7017365887E+03 -1.5242851782E+03
           ESP =  -1.8124649132E+01     ESP at Nucleus =  -1.8124649137E+01
           ESPe = -6.8374794866E+01     ESPe at Nucleus = -6.8374793816E+01
           ESPn =  5.0250145734E+01     ESPn at Nucleus =  5.0250144679E+01

CP# 16     Coords = -6.08206185669729E+00 -4.93498200748334E+00  2.43642695052692E+00
           Type = (3,-3) NACP O16
           Rho =  3.0197640684E+02     Rho at Nucleus =  3.0197637178E+02
           GradRho = -2.1019571500E-11 -5.9671388490E-10  3.8242826440E-11
           HessRho_EigVals = -1.5045893326E+06 -1.5045704467E+06 -1.5045422975E+06
           HessRho_EigVec1 =  8.1305339075E-01  5.3089066833E-01  2.3895456068E-01
           HessRho_EigVec2 =  3.1777029671E-02 -4.5029738860E-01  8.9231299565E-01
           HessRho_EigVec3 = -5.8132125729E-01  7.1790484056E-01  3.8298594717E-01
           DelSqRho = -4.5137020768E+06
           Bond Ellipticity = NA
           V = -1.1285745584E+06
           G =  7.4519612917E+01
           K =  1.1285000388E+06
           L =  1.1284255192E+06
           Vnuc =  1.1719149393E+06
           Ven = -3.5389066250E+08
           Vrep =  3.5276208794E+08
           DelSqV =  2.1994484270E+11
           DelSqVen =  5.2896748954E+12
           DelSqVrep = -5.0697300527E+12
           DelSqG =  5.6241333112E+09
           DelSqK = -2.2556897601E+11
           Stress_EigVals = -3.7619809553E+05 -3.7619116247E+05 -3.7618530044E+05
           Stress_EigVec1 = -5.8126664850E-01  7.1794623294E-01  3.8299124004E-01
           Stress_EigVec2 =  3.1663008431E-02 -4.5035845784E-01  8.9228622837E-01
           Stress_EigVec3 =  8.1309688060E-01  5.3078288033E-01  2.3904601379E-01
           -DivStress = -4.0228201171E+05 -2.6251495971E+05 -1.1803456117E+05
           ESP =  -2.2383809971E+01     ESP at Nucleus =  -2.2383810325E+01
           ESPe = -6.2735123284E+01     ESPe at Nucleus = -6.2735091867E+01
           ESPn =  4.0351313313E+01     ESPn at Nucleus =  4.0351281542E+01

CP# 17     Coords = -4.38758014764443E+00 -1.60323504589038E+00  4.05518784684167E+00
           Type = (3,-3) NACP O17
           Rho =  3.0195805910E+02     Rho at Nucleus =  3.0195802923E+02
           GradRho =  3.5596756098E-10 -1.4162767660E-10 -3.2841151673E-11
           HessRho_EigVals = -1.5044987026E+06 -1.5044704241E+06 -1.5044538465E+06
           HessRho_EigVec1 = -1.8844700254E-02  8.9244534004E-01  4.5076179110E-01
           HessRho_EigVec2 =  3.0582052485E-02 -4.5011639090E-01  8.9244606151E-01
           HessRho_EigVec3 =  9.9935459940E-01  3.0603099275E-02 -1.8810501763E-02
           DelSqRho = -4.5134229732E+06
           Bond Ellipticity = NA
           V = -1.1285041109E+06
           G =  7.4183790452E+01
           K =  1.1284299271E+06
           L =  1.1283557433E+06
           Vnuc =  1.2694806049E+06
           Ven = -3.8332989953E+08
           Vrep =  3.8220139542E+08
           DelSqV =  2.1993124120E+11
           DelSqVen =  5.7297029274E+12
           DelSqVrep = -5.5097716862E+12
           DelSqG =  5.6237774609E+09
           DelSqK = -2.2555501866E+11
           Stress_EigVals = -3.7617343380E+05 -3.7616933089E+05 -3.7616134619E+05
           Stress_EigVec1 =  9.9878941161E-01  4.8195609577E-02 -9.8434986368E-03
           Stress_EigVec2 =  3.0508024136E-02 -4.4994617264E-01  8.9253442633E-01
           Stress_EigVec3 = -3.8587196209E-02  8.9175424022E-01  4.5087182585E-01
           -DivStress = -9.3268549859E+04  3.9796273708E+05  2.0352107825E+05
           ESP =  -2.2339042117E+01     ESP at Nucleus =  -2.2339042381E+01
           ESPe = -7.1953307553E+01     ESPe at Nucleus = -7.1953294763E+01
           ESPn =  4.9614265435E+01     ESPn at Nucleus =  4.9614252382E+01

CP# 18     Coords = -1.80476081135900E-01  7.29015522456100E-01 -4.26736144815100E+00
           Type = (3,-3) NACP Ce18
           Rho =  1.0618359210E+06     Rho at Nucleus =  1.0618359210E+06
           GradRho = -4.3968245115E-04 -1.2896013075E-03  9.8312016053E-03
           HessRho_EigVals = -3.2726862913E+13 -3.2726862913E+13 -3.2726862913E+13
           HessRho_EigVec1 =  4.9646342890E-01 -1.2039258075E-01  8.5966836063E-01
           HessRho_EigVec2 =  6.4867377785E-01 -6.0664423433E-01 -4.5957056355E-01
           HessRho_EigVec3 =  5.7684174059E-01  7.8580430099E-01 -2.2308116652E-01
           DelSqRho = -9.8180588740E+13
           Bond Ellipticity = NA
           V = -1.6538739366E+03
           G =  3.1128326345E+01
           K =  1.6227456102E+03
           L =  2.4545147185E+13
           Vnuc =  5.8000000439E+09
           Ven = -6.1586483883E+15
           Vrep =  6.1586483883E+15
           DelSqV =  8.6585847468E+08
           DelSqVen =  1.8475945082E+32
           DelSqVrep = -1.8475945082E+32
           DelSqG =  4.8074364617E+07
           DelSqK = -9.1393283930E+08
           Stress_EigVals = -5.5132739953E+02 -5.5127471265E+02 -5.5127182440E+02
           Stress_EigVec1 =  3.3405514829E-01 -1.8450448284E-01  9.2431880524E-01
           Stress_EigVec2 = -2.3820347813E-02 -9.8199327237E-01 -1.8740812160E-01
           Stress_EigVec3 =  9.4225248683E-01  4.0587052421E-02 -3.3243486917E-01
           -DivStress = -3.1365288298E+01  1.2690094428E+01 -9.6515241554E+01
           ESP =  -3.7722858545E+02     ESP at Nucleus =  -3.7722858545E+02
           ESPe = -4.2115393130E+02     ESPe at Nucleus = -4.2115393130E+02
           ESPn =  4.3925345847E+01     ESPn at Nucleus =  4.3925345847E+01

CP# 19     Coords = -1.33956612494750E+00  3.94470802991782E+00 -7.67699890086255E+00
           Type = (3,-3) NACP O19
           Rho =  3.0126316235E+02     Rho at Nucleus =  3.0126314550E+02
           GradRho = -1.6197439582E-11  3.0296604611E-10  6.3621873752E-10
           HessRho_EigVals = -1.5007423723E+06 -1.5007270133E+06 -1.5007073998E+06
           HessRho_EigVec1 = -4.0339987294E-01  6.3827176455E-01  6.5565059071E-01
           HessRho_EigVec2 = -3.5951114658E-01 -7.6947441904E-01  5.2788337152E-01
           HessRho_EigVec3 =  8.4143940839E-01 -2.2765610625E-02  5.3987169677E-01
           DelSqRho = -4.5021767854E+06
           Bond Ellipticity = NA
           V = -1.1256961617E+06
           G =  7.5982696470E+01
           K =  1.1256201791E+06
           L =  1.1255441964E+06
           Vnuc =  1.6882181146E+06
           Ven = -5.0859792794E+08
           Vrep =  5.0747223178E+08
           DelSqV =  2.1938357457E+11
           DelSqVen =  7.6006563901E+12
           DelSqVrep = -7.3812728156E+12
           DelSqG =  5.6086558059E+09
           DelSqK = -2.2499223037E+11
           Stress_EigVals = -3.7523644593E+05 -3.7523129594E+05 -3.7522841987E+05
           Stress_EigVec1 =  8.2630670213E-01 -5.4084762769E-02  5.6061758130E-01
           Stress_EigVec2 = -3.9377242461E-01 -7.6715222975E-01  5.0638002924E-01
           Stress_EigVec3 = -4.0269158377E-01  6.3918095625E-01  6.5520011716E-01
