AIMSum (Version 19.10.12, Professional)
Copyright (c) 1997-2019 by Todd A. Keith
AIMSum is a component of the AIMAll package ( http://aim.tkgristmill.com )

TP:  64-bit Linux

Much of the Quantum Theory of Atoms in Molecules (QTAIM) is described in the book:
  "Atoms in Molecules - A Quantum Theory"
  R.F.W. Bader, Oxford University Press, Oxford, 1990

For additional references see:  http://aim.tkgristmill.com/references.html

Wfx File:  /home/vallet/ANL/CeIV-dimer/CeIV-O-CeIV/staggered-structure-Ce-dinuclear/geom-pbe0-cosmo/g16-qtaim/CeIV-O-CeIV-staggered.qtaim.wfx
Sum File:  /home/vallet/ANL/CeIV-dimer/CeIV-O-CeIV/staggered-structure-Ce-dinuclear/geom-pbe0-cosmo/g16-qtaim/CeIV-O-CeIV-staggered.qtaim.sum

SumViz File:  /home/vallet/ANL/CeIV-dimer/CeIV-O-CeIV/staggered-structure-Ce-dinuclear/geom-pbe0-cosmo/g16-qtaim/CeIV-O-CeIV-staggered.qtaim.sumviz

Wfx Title:   CeIV-O-CeIV-staggered.qtaim.chk                                               
 
Specified number of ECP-modeled core electrons in wfx file =     56
Integrated number of ECP-modeled core electrons from EDF data in wfx file =  5.6000000000E+01
 
Total memory allocated for AIMSum =        5.719 Megabytes

Atomic units (a.u.) used throughout, except where stated otherwise

Model:  Restricted SCF
 
Restricted, closed-shell, single-determinant wavefunction.
  Number of electrons (from MO Occs)                   =         314.0000000000
  Number of Alpha electrons (from MO Occs)             =         157.0000000000
  Number of Beta electrons (from MO Occs)              =         157.0000000000
  Number of electron pairs (N*(N-1)/2)                 =       49141.0000000000
  Number of electron pairs (from Muller 2EDM)          =       49141.0000000000
 
Number of ECP-modeled core electrons based on atomic numbers and nuclear charges
specified in the wavefunction file = 56       
Number of ECP-modeled core electrons specified in the wavefunction file = 56       
 
The wavefunction file contains additional electron density function data to represent
the electron density distribution of ECP-modeled core electrons.  Note that only
"non-core-sensitive" properties that are expressible in terms of the electron density
distribution include contributions from these additional core density distributions.
 
Nuclear Charges and Cartesian Coordinates:
-------------------------------------------------------------------------------
Atom      Charge                X                  Y                  Z
-------------------------------------------------------------------------------
Ce1       58.0          -4.4428030417E-01   4.7398343697E-01  -3.8355969751E+00
Ce2       58.0           4.7412061407E-01  -4.9803483606E-01   3.7774545958E+00
H3         1.0           3.1381439708E+00  -1.3910001560E+00  -8.1478419365E+00
H4         1.0          -3.0777982202E+00   1.7100352804E+00   7.9587714577E+00
H5         1.0           4.0506785541E-01  -1.4586897222E+00  -9.1768164055E+00
H6         1.0          -3.5814999148E-01   1.6732497635E+00   9.0254258140E+00
H7         1.0          -5.0398648170E+00  -1.4018716922E+00  -7.1298100644E+00
H8         1.0           5.0613100235E+00   1.2451196585E+00   7.1350123653E+00
H9         1.0          -4.1241514348E+00   1.1416567698E+00  -8.2310578174E+00
H10        1.0           4.0418845412E+00  -1.2370853561E+00   8.2795089232E+00
H11        1.0          -8.7838737177E-01   5.6921361765E+00  -6.6266676383E+00
H12        1.0           3.7937025599E-01  -5.6451429206E+00   6.6927062435E+00
H13        1.0           4.4330735018E-01   3.8395775345E+00  -8.4547313745E+00
H14        1.0          -7.9687993961E-01  -3.6179461507E+00   8.4393047533E+00
N15        7.0           5.2818616232E+00  -2.7055381655E+00   2.1530062737E+00
N16        7.0          -5.4499673906E+00   1.9353887622E+00  -1.9391158560E+00
N17        7.0           8.0564036314E-01  -4.9186937912E+00  -3.6580248631E+00
N18        7.0          -1.5389471374E-02   5.0085575157E+00   3.5969725679E+00
N19        7.0           3.7478430990E+00   3.9886345632E+00  -2.9539359097E+00
N20        7.0          -4.0970104145E+00  -3.4978945648E+00   2.9303342204E+00
O21        8.0           7.5860482972E-02   3.3559890093E-02  -4.0659819015E-02
O22        8.0           3.3611416297E+00  -4.0121668733E+00   2.7104022354E+00
O23        8.0          -3.7769726419E+00   3.5191103433E+00  -2.5702520677E+00
O24        8.0           5.0141263712E+00  -3.5439193870E-01   2.3448554734E+00
O25        8.0          -4.8660576681E+00  -3.4755602869E-01  -2.2257633417E+00
O26        8.0           7.2323595438E+00  -3.6624893450E+00   1.4810927462E+00
O27        8.0          -7.4673438488E+00   2.5849512102E+00  -1.1111528892E+00
O28        8.0           1.5619287492E+00  -4.7541698144E-01  -8.1638754183E+00
O29        8.0          -1.5553916553E+00   7.1149190894E-01   8.0394219516E+00
O30        8.0           2.5099835178E+00  -3.2692873270E+00  -3.5830727333E+00
O31        8.0          -1.9346510508E+00   3.6151480785E+00   3.5323084216E+00
O32        8.0          -1.4276083695E+00  -4.0890927752E+00  -3.8541085193E+00
O33        8.0           2.0834027041E+00   3.8732770686E+00   3.7365197708E+00
O34        8.0           1.2526923686E+00  -7.1459773427E+00  -3.5456889551E+00
O35        8.0          -1.4847009083E-01   7.2781166476E+00   3.5257907665E+00
O36        8.0          -3.5438897908E+00  -4.5050024372E-01  -7.5533656192E+00
O37        8.0           3.5267928628E+00   3.4310649698E-01   7.5263979660E+00
O38        8.0           1.5164001362E+00   4.6268626783E+00  -2.4703145959E+00
O39        8.0          -1.9465430435E+00  -4.3816938127E+00   2.4519413797E+00
O40        8.0           4.0212103173E+00   1.7966143573E+00  -3.8715991397E+00
O41        8.0          -4.1270765847E+00  -1.2737973468E+00   3.8035299288E+00
O42        8.0           5.5243945306E+00   5.3575403870E+00  -2.5726497172E+00
O43        8.0          -6.0092338713E+00  -4.6789436530E+00   2.5853988203E+00
O44        8.0          -9.1421463902E-01   3.9774022914E+00  -7.2433668326E+00
O45        8.0           5.4049007714E-01  -3.9123099847E+00   7.2333121917E+00
 
Some Atomic Properties:
----------------------
  q(A) = Net Charge of Atom A
  L(A) = Lagrangian of Atom A = -(1/4) Times Atomic Integral of the Laplacian of the Electron Density
  K(A) = Electronic Kinetic Energy of Atom A (Hamiltonian Form)
  K_Scaled(A) = K(A) * E(Mol)/K(Mol) = Approximation to Virial-Based Total Energy of Atom A.
  |Mu_Intra(A)| = Magnitude of Intraatomic Dipole Moment of Atom A
--------------------------------------------------------------------------------------------------
Atom A          q(A)              L(A)              K(A)          K_Scaled(A)      |Mu_Intra(A)|
--------------------------------------------------------------------------------------------------
Ce1       2.5861231320E+00  2.0412070201E-04  1.7889951579E+02 -2.2067657063E+02  1.8670598997E-01
Ce2       2.5897439710E+00  4.7816150713E-04  1.7887474722E+02 -2.2064601804E+02  1.7253812022E-01
H3        6.4407518853E-01  4.6617803053E-05  3.3064458737E-01 -4.0785752447E-01  1.3544703525E-01
H4        6.4331985033E-01  3.3313134437E-05  3.3123402112E-01 -4.0858460424E-01  1.3582730652E-01
H5        6.4535901399E-01  4.2300045046E-05  3.2901664270E-01 -4.0584941816E-01  1.3497921446E-01
H6        6.4442429538E-01  2.0304860460E-05  3.2959233642E-01 -4.0655954929E-01  1.3545583805E-01
H7        6.4234634643E-01  3.4637045911E-05  3.3175803431E-01 -4.0923098628E-01  1.3613589478E-01
H8        6.4279552320E-01  4.6032439365E-05  3.3155841025E-01 -4.0898474552E-01  1.3606557806E-01
H9        6.4388308198E-01  3.0741176233E-05  3.2992726215E-01 -4.0697268770E-01  1.3561824768E-01
H10       6.4314620723E-01  3.9499879247E-05  3.3045432480E-01 -4.0762283132E-01  1.3613042557E-01
H11       6.4307279085E-01  3.5856905477E-05  3.3135146781E-01 -4.0872947737E-01  1.3587068964E-01
H12       6.4398110979E-01  3.9650845511E-05  3.3079492140E-01 -4.0804296487E-01  1.3561730073E-01
H13       6.4383898610E-01  4.5202342304E-05  3.3005656350E-01 -4.0713218382E-01  1.3575736166E-01
H14       6.4481642497E-01  4.0603746891E-05  3.2939939674E-01 -4.0632155387E-01  1.3536915844E-01
N15       9.7251676460E-01  8.5515954203E-05  5.3880172529E+01 -6.6462402910E+01  3.5021716379E-02
N16       9.7208810420E-01  3.0664127566E-04  5.3880256015E+01 -6.6462505892E+01  3.4669281256E-02
N17       9.7189639800E-01 -2.1447751537E-04  5.3880430025E+01 -6.6462720537E+01  3.5233365951E-02
N18       9.7228246540E-01  7.9744459868E-06  5.3880173832E+01 -6.6462404518E+01  3.4746981852E-02
N19       9.7213225280E-01 -5.6874696172E-05  5.3880187481E+01 -6.6462421354E+01  3.4103690454E-02
N20       9.7231389490E-01 -2.0421847857E-04  5.3880413293E+01 -6.6462699897E+01  3.6188340746E-02
O21      -1.0469387426E+00 -3.2606390208E-06  7.5313286648E+01 -9.2900630542E+01  7.0553198302E-03
O22      -6.1507697480E-01  7.0333346551E-05  7.5166742719E+01 -9.2719865314E+01  3.0790922814E-01
O23      -6.1664646050E-01  5.6368766583E-05  7.5163220313E+01 -9.2715520347E+01  3.1278874392E-01
O24      -6.0480893290E-01  5.0921801820E-05  7.5167976226E+01 -9.2721386873E+01  3.0980674071E-01
O25      -6.0335579780E-01  9.9423781312E-06  7.5167661001E+01 -9.2720998036E+01  3.0819399692E-01
O26      -5.1565190330E-01  1.7929002856E-05  7.5155317406E+01 -9.2705771934E+01  3.1564747684E-01
O27      -5.1794174120E-01  2.3130555553E-05  7.5155000442E+01 -9.2705380952E+01  3.1726476047E-01
O28      -1.2119759914E+00 -1.5266347141E-04  7.5426326001E+01 -9.3040067123E+01  2.6666316960E-01
O29      -1.2108244131E+00 -5.4155812481E-05  7.5429015584E+01 -9.3043384784E+01  2.6780169833E-01
O30      -6.0263357990E-01 -9.8635499700E-06  7.5167984511E+01 -9.2721397092E+01  3.0784566264E-01
O31      -6.0298542580E-01  4.9437774803E-05  7.5168968106E+01 -9.2722610379E+01  3.0850747217E-01
O32      -6.1714273080E-01  5.7223280931E-05  7.5164146078E+01 -9.2716662299E+01  3.1244321212E-01
O33      -6.1642843490E-01  9.9237004465E-06  7.5168090066E+01 -9.2721527297E+01  3.0913886580E-01
O34      -5.1625647860E-01  1.5820062781E-05  7.5155036596E+01 -9.2705425548E+01  3.1621336633E-01
O35      -5.1651426910E-01  1.9984161618E-05  7.5155264763E+01 -9.2705706998E+01  3.1636382529E-01
O36      -1.2121563869E+00 -6.6580018613E-05  7.5420277373E+01 -9.3032606004E+01  2.6593250532E-01
O37      -1.2105830654E+00 -5.5288977590E-05  7.5423642898E+01 -9.3036757454E+01  2.6729383028E-01
O38      -6.0132519610E-01 -9.2941338950E-05  7.5168355547E+01 -9.2721854775E+01  3.0817697648E-01
O39      -6.0398885370E-01 -7.0805981886E-06  7.5169215913E+01 -9.2722916055E+01  3.0845674554E-01
O40      -6.1805217560E-01  1.4854320792E-04  7.5166276430E+01 -9.2719290136E+01  3.0957725796E-01
O41      -6.1585395240E-01  1.0526009975E-05  7.5167463815E+01 -9.2720754802E+01  3.0866686323E-01
O42      -5.1704982720E-01  1.5432834403E-05  7.5154997877E+01 -9.2705377788E+01  3.1671364387E-01
O43      -5.1599649990E-01  1.6508467597E-05  7.5155485332E+01 -9.2705979075E+01  3.1610700293E-01
O44      -1.2117617813E+00 -1.6087209890E-04  7.5423196623E+01 -9.3036206965E+01  2.6538531239E-01
O45      -1.2113365284E+00  4.4880263598E-06  7.5428032918E+01 -9.3042172644E+01  2.6568268073E-01
--------------------------------------------------------------------------------------------------
Total     8.6965808000E-04  1.0354102920E-03  2.5658226653E+03 -3.1649998835E+03
 
1st Largest |L(A)| = 4.7816150713E-04, atom Ce2     
2nd Largest |L(A)| = 3.0664127566E-04, atom N16     
 
Molecular charge q(Mol) from the wfx file:   0.0000000000E+00
Molecular energy E(Mol) from the wfx file:  -3.1649997288E+03
Molecular virial ratio (-V(Mol)/T(Mol)) from the wfx file:   2.2335224590E+00
Note.  K_Scaled(A) = (1+V(Mol)/T(Mol))*K(A) = (E(Mol)/T(Mol))*K(A)
       Only use K_Scaled(A) data with caution.
 
N_AIMInt(SumA)     =        369.999130
N_Analytic(Mol)    =        314.000000
 
G_AIMInt(SumA)     =       2565.821630
G_Analytic(Mol)    =       2565.822540
 
K_AIMInt(SumA)     =       2565.822665
K_Analytic(Mol)    =       2565.822540
 
L_AIMInt(SumA)     =          0.001035
L_Analytic(Mol)    =          0.000000
 
VenT_AIMInt(SumA)  =     -20124.646223
VenT_Analytic(Mol) =     -20124.690113
 
Some Information About the Atomic Calculations:
----------------------------------------------
  Time(sec) = "Elapsed User Time", in Seconds, for Atom A by AIMInt and, if used, by TWOe
  NProc = Number of Processors Used for AIMInt Job
  BIM = Basin Integration Method
  OAQ = Angular Quadrature Outside of Beta Sphere
  ORQ = Multiple of Default for Radial Quadrature Outside of Beta Sphere
  IAQ = Multiple of Default for Angular Quadrature Inside of Beta Sphere
  IRQ = Multiple of Default for Radial Quadrature Inside of Beta Sphere
  MIR = Maximum Integration Radius
------------------------------------------------------------------------------------------------------
Atom A     Time(sec)   NProc      BIM          OAQ                     ORQ      IAQ      IRQ      MIR
------------------------------------------------------------------------------------------------------
Ce1          1133        1     Proaim(5)    4500(GS4)                  1.00     1.00     1.00    13.00
Ce2          1026        1     Proaim(5)    5400(GS5)                  1.00     1.00     1.00    13.00
H3            112        1     Proaim(5)    1800(GS4)                  1.00     1.00     1.00    13.00
H4            111        1     Proaim(5)    1800(GS4)                  1.00     1.00     1.00    13.00
H5            103        1     Proaim(5)    1800(GS4)                  1.00     1.00     1.00    13.00
H6            100        1     Proaim(5)    1800(GS4)                  1.00     1.00     1.00    13.00
H7            111        1     Proaim(5)    1800(GS4)                  1.00     1.00     1.00    13.00
H8            108        1     Proaim(5)    1800(GS4)                  1.00     1.00     1.00    13.00
H9            103        1     Proaim(5)    1800(GS4)                  1.00     1.00     1.00    13.00
H10           101        1     Proaim(5)    1800(GS4)                  1.00     1.00     1.00    13.00
H11           108        1     Proaim(5)    1800(GS4)                  1.00     1.00     1.00    13.00
H12           109        1     Proaim(5)    1800(GS4)                  1.00     1.00     1.00    13.00
H13           104        1     Proaim(5)    1800(GS4)                  1.00     1.00     1.00    13.00
H14           106        1     Proaim(5)    1800(GS4)                  1.00     1.00     1.00    13.00
N15           256        1     Proaim(5)    4500(GS4)                  1.00     1.00     1.00    13.00
N16           254        1     Proaim(5)    4500(GS4)                  1.00     1.00     1.00    13.00
N17           248        1     Proaim(5)    4500(GS4)                  1.00     1.00     1.00    13.00
N18           255        1     Proaim(5)    4500(GS4)                  1.00     1.00     1.00    13.00
N19           253        1     Proaim(5)    4500(GS4)                  1.00     1.00     1.00    13.00
N20           263        1     Proaim(5)    4500(GS4)                  1.00     1.00     1.00    13.00
O21           377        1     Proaim(5)    4500(GS4)                  1.00     1.00     1.00    13.00
O22           429        1     Proaim(5)    4500(GS4)                  1.00     1.00     1.00    13.00
O23           404        1     Proaim(5)    4500(GS4)                  1.00     1.00     1.00    13.00
O24          2293        1    Promega(1)    4500(GS4)                  1.00     1.00     1.00    13.00
O25           428        1     Proaim(5)    4500(GS4)                  1.00     1.00     1.00    13.00
O26           331        1     Proaim(5)    2700(GS4)                  1.00     1.00     1.00    13.00
O27           330        1     Proaim(5)    2700(GS4)                  1.00     1.00     1.00    13.00
O28           575        1     Proaim(5)    4500(GS4)                  1.00     1.00     1.00    13.00
O29           585        1     Proaim(5)    4500(GS4)                  1.00     1.00     1.00    13.00
O30           419        1     Proaim(5)    4500(GS4)                  1.00     1.00     1.00    13.00
O31           413        1     Proaim(5)    4500(GS4)                  1.00     1.00     1.00    13.00
O32           401        1     Proaim(5)    4500(GS4)                  1.00     1.00     1.00    13.00
O33           434        1     Proaim(5)    4500(GS4)                  1.00     1.00     1.00    13.00
O34           332        1     Proaim(5)    2700(GS4)                  1.00     1.00     1.00    13.00
O35           332        1     Proaim(5)    2700(GS4)                  1.00     1.00     1.00    13.00
O36           541        1     Proaim(5)    4500(GS4)                  1.00     1.00     1.00    13.00
O37           572        1     Proaim(5)    4500(GS4)                  1.00     1.00     1.00    13.00
O38           425        1     Proaim(5)    4500(GS4)                  1.00     1.00     1.00    13.00
O39           403        1     Proaim(5)    4500(GS4)                  1.00     1.00     1.00    13.00
O40          2256        1    Promega(1)    4500(GS4)                  1.00     1.00     1.00    13.00
O41           443        1     Proaim(5)    4500(GS4)                  1.00     1.00     1.00    13.00
O42           335        1     Proaim(5)    2700(GS4)                  1.00     1.00     1.00    13.00
O43           328        1     Proaim(5)    2700(GS4)                  1.00     1.00     1.00    13.00
O44           573        1     Proaim(5)    4500(GS4)                  1.00     1.00     1.00    13.00
O45           558        1     Proaim(5)    4500(GS4)                  1.00     1.00     1.00    13.00
------------------------------------------------------------------------------------------------------
Total       19481
Note:  Total wall clock time is less than total of atomic times if more than one atom
       was calculated at a time
 
Electron Density Critical Point Analysis of Molecular Structure:               
---------------------------------------------------------------                
  NACP = Nuclear Attractor Critical Point                                      
  NNACP = Non-Nuclear Attractor Critical Point                                 
  BCP = Bond Critical Point                                                    
  RCP = Ring Critical Point                                                    
  CCP = Cage Critical Point                                                    
  Rho = Electron Density                                                       
  GradRho = Gradient of Electron Density                                       
  HessRho_EigVals = Eigenvalues of the Hessian of Rho, Ascending Order         
  HessRho_EigVecs = Eigenvectors of the Hessian of Rho                         
  DelSqRho = Laplacian of Rho = Trace of Hessian of Rho                        
  Bond Ellipticity = (HessRho_EigVal(1) / HessRho_EigVal(2)) - 1               
  V = Virial Field = Potential Energy Density = Trace of Stress Tensor         
  G = Lagrangian Form of Kinetic Energy Density                                
  K = Hamiltonian Form of Kinetic Energy Density                               
  L = K - G = Lagrangian Density = (-1/4)DelSqRho                              
  Vnuc = Electrostatic Potential from Nuclei                                   
  Ven = Electron-nuclear attractive contribution to Virial Field V             
  Vrep = V - Ven = Repulsive contribution to Virial Field V                    
  DelSqV = Laplacian of V                                                      
  DelSqVen = Laplacian of Ven                                                  
  DelSqVrep = Laplacian of Vrep                                                
  DelSqG = Laplacian of G                                                      
  DelSqK = Laplacian of K                                                      
  Stress_EigVals = Eigenvalues of Stress Tensor, Ascending Order               
  Stress_EigVecs = Eigenvectors of Stress Tensor                               
  -DivStress = Ehrenfest Force Density = Minus Divergence of Stress Tensor     
  ESP = Total Electrostatic Potential                                          
  ESPe = Electrostatic Potential from Electrons                                
  ESPn = Electrostatic Potential from Nuclei                                   
  BP = Bond Path                                                               
  BPL = Bond Path Length                                                       
  GBL = Geometric Bond Length                                                  
  GBL_I = Distance Between Nuclear Attractors                                  
  GBL_II = Distance Between Nuclei                                             
  GBL_III = Sum of Distances Between BCP and Nuclear Attractors                
  GBL_IV = Sum of Distances Between BCP and Nuclei                             

CP# 1      Coords = -4.44280304171600E-01  4.73983436965100E-01 -3.83559697510400E+00
           Type = (3,-3) NACP Ce1
           Rho =  1.0618359210E+06     Rho at Nucleus =  1.0618359210E+06
           GradRho =  4.4960046032E-04  5.8785469995E-06 -9.6758313398E-04
           HessRho_EigVals = -3.2726862913E+13 -3.2726862913E+13 -3.2726862913E+13
           HessRho_EigVec1 =  1.4635779562E-01 -1.0894791717E-01  9.8321398841E-01
           HessRho_EigVec2 =  6.2109555127E-01  7.8371475573E-01 -5.6122934879E-03
           HessRho_EigVec3 = -7.6994786307E-01  6.1149123706E-01  1.8236983071E-01
           DelSqRho = -9.8180588740E+13
           Bond Ellipticity = NA
           V = -1.6537458970E+03
           G =  3.1086014998E+01
           K =  1.6226598820E+03
           L =  2.4545147185E+13
           Vnuc =  5.8000000455E+09
           Ven = -6.1586483899E+15
           Vrep =  6.1586483899E+15
           DelSqV =  8.6581396651E+08
           DelSqVen =  1.8475945082E+32
           DelSqVrep = -1.8475945082E+32
           DelSqG =  4.8074416838E+07
           DelSqK = -9.1388838334E+08
           Stress_EigVals = -5.5129857652E+02 -5.5122523242E+02 -5.5122208804E+02
           Stress_EigVec1 =  1.1237952900E-01 -1.1248049802E-01  9.8727857215E-01
           Stress_EigVec2 =  9.9316080775E-01 -1.8943924811E-02 -1.1520736811E-01
           Stress_EigVec3 =  3.1661513179E-02  9.9347333395E-01  1.0958231292E-01
           -DivStress = -2.2440272704E+01  1.7945882976E+01 -1.3419051208E+02
           ESP =  -3.7726664750E+02     ESP at Nucleus =  -3.7726664750E+02
           ESPe = -4.2274551673E+02     ESPe at Nucleus = -4.2274551673E+02
           ESPn =  4.5478869236E+01     ESPn at Nucleus =  4.5478869236E+01

CP# 2      Coords =  4.74120614072400E-01 -4.98034836056800E-01  3.77745459582400E+00
           Type = (3,-3) NACP Ce2
           Rho =  1.0618359210E+06     Rho at Nucleus =  1.0618359210E+06
           GradRho =  3.8312848264E-04 -7.4427816757E-05  1.7383055819E-03
           HessRho_EigVals = -3.2726862913E+13 -3.2726862913E+13 -3.2726862913E+13
           HessRho_EigVec1 =  1.1347232251E-01 -1.2198379239E-01  9.8602433358E-01
           HessRho_EigVec2 = -6.9832972510E-01  6.9614504148E-01  1.6648626450E-01
           HessRho_EigVec3 = -7.0672457653E-01 -7.0746168491E-01 -6.1917135399E-03
           DelSqRho = -9.8180588740E+13
           Bond Ellipticity = NA
           V = -1.6539799517E+03
           G =  3.1094984601E+01
           K =  1.6228849671E+03
           L =  2.4545147185E+13
           Vnuc =  5.8000000456E+09
           Ven = -6.1586483901E+15
           Vrep =  6.1586483901E+15
           DelSqV =  8.6593412430E+08
           DelSqVen =  1.8475945082E+32
           DelSqVrep = -1.8475945082E+32
           DelSqG =  4.8081192297E+07
           DelSqK = -9.1401531659E+08
           Stress_EigVals = -5.5137328490E+02 -5.5130424997E+02 -5.5130241686E+02
           Stress_EigVec1 =  7.7392324434E-02 -1.6938015859E-01  9.8250739946E-01
           Stress_EigVec2 =  4.5290403092E-01  8.8388816410E-01  1.1670326532E-01
           Stress_EigVec3 =  8.8819387912E-01 -4.3594962465E-01 -1.4511911614E-01
           -DivStress =  1.4123630233E+01 -1.7202548842E+01  1.2640942856E+02
           ESP =  -3.7726595768E+02     ESP at Nucleus =  -3.7726595768E+02
           ESPe = -4.2288215009E+02     ESPe at Nucleus = -4.2288215009E+02
           ESPn =  4.5616192411E+01     ESPn at Nucleus =  4.5616192411E+01

CP# 3      Coords =  3.09712096354391E+00 -1.36833074516051E+00 -8.14870035427861E+00
           Type = (3,-3) NACP H3
           Rho =  4.0233163817E-01     Rho at Nucleus =  3.9465563763E-01
           GradRho = -7.2651348479E-10  4.0465864080E-10 -1.3907349231E-11
           HessRho_EigVals = -7.9192450035E+00 -7.9042633642E+00 -6.3667655920E+00
           HessRho_EigVec1 =  3.6803184700E-01  6.7209501171E-01  6.4252692926E-01
           HessRho_EigVec2 =  3.2454484522E-01  5.5471320402E-01 -7.6613569603E-01
           HessRho_EigVec3 =  8.7133415119E-01 -4.9049113807E-01  1.3972846518E-02
           DelSqRho = -2.2190273960E+01
           Bond Ellipticity = NA
           V = -5.5991234526E+00
           G =  2.5777481340E-02
           K =  5.5733459713E+00
           L =  5.5475684899E+00
           Vnuc =  6.5935598222E+01
           Ven = -2.6527977246E+01
           Vrep =  2.0928853794E+01
           DelSqV =  1.3820028007E+03
           DelSqVen =  1.4631289890E+03
           DelSqVrep = -8.1126188330E+01
           DelSqG =  1.0399157322E+02
           DelSqK = -1.4859943739E+03
           Stress_EigVals = -2.0009402838E+00 -1.9969351081E+00 -1.6012480607E+00
           Stress_EigVec1 = -3.2595347797E-01 -5.6051745753E-01  7.6129791147E-01
           Stress_EigVec2 =  3.6092020064E-01  6.7050370007E-01  6.4819857833E-01
           Stress_EigVec3 =  8.7377968560E-01 -4.8605037598E-01  1.6250939796E-02
           -DivStress =  1.9359588805E+01 -1.0693412986E+01  4.0382188148E-01
           ESP =  -8.9724658838E-01     ESP at Nucleus =  -9.0090136835E-01
           ESPe = -4.5500776303E+01     ESPe at Nucleus = -4.5287990434E+01
           ESPn =  4.4603529714E+01     ESPn at Nucleus =  4.4387089065E+01

CP# 4      Coords = -3.03812328753218E+00  1.68522574883416E+00  7.96126549041264E+00
           Type = (3,-3) NACP H4
           Rho =  4.0282850228E-01     Rho at Nucleus =  3.9514862966E-01
           GradRho =  1.2707820907E-11 -8.0161398353E-12  7.7580476765E-13
           HessRho_EigVals = -7.9291861820E+00 -7.9142680302E+00 -6.3753640119E+00
           HessRho_EigVec1 =  3.9605083317E-01  6.7882830391E-01  6.1833313946E-01
           HessRho_EigVec2 = -3.6488246068E-01 -5.0159844524E-01  7.8438497539E-01
           HessRho_EigVec3 =  8.4261766385E-01 -5.3627524048E-01  4.9034059756E-02
           DelSqRho = -2.2218818224E+01
           Bond Ellipticity = NA
           V = -5.6063207536E+00
           G =  2.5808098811E-02
           K =  5.5805126548E+00
           L =  5.5547045560E+00
           Vnuc =  6.6219450892E+01
           Ven = -2.6675082224E+01
           Vrep =  2.1068761471E+01
           DelSqV =  1.3838506953E+03
           DelSqVen =  1.4713179423E+03
           DelSqVrep = -8.7467246952E+01
           DelSqG =  1.0412993888E+02
           DelSqK = -1.4879806342E+03
           Stress_EigVals = -2.0034414675E+00 -1.9994515084E+00 -1.6034277777E+00
           Stress_EigVec1 = -3.6644615701E-01 -5.0721073272E-01  7.8003492654E-01
           Stress_EigVec2 =  3.8889890195E-01  6.7811318477E-01  6.2363463077E-01
           Stress_EigVec3 =  8.4526614629E-01 -5.3188324025E-01  5.1238273568E-02
           -DivStress = -1.8747643538E+01  1.1718268419E+01 -1.1770130613E+00
           ESP =  -9.0080861239E-01     ESP at Nucleus =  -9.0449187028E-01
           ESPe = -4.5779969708E+01     ESPe at Nucleus = -4.5567767788E+01
           ESPn =  4.4879161096E+01     ESPn at Nucleus =  4.4663275918E+01

CP# 5      Coords =  4.35730374004961E-01 -1.43428115298412E+00 -9.15078647762629E+00
           Type = (3,-3) NACP H5
           Rho =  4.0032567079E-01     Rho at Nucleus =  3.9264586985E-01
           GradRho =  3.1445823723E-10  2.5305729701E-10  2.6835770585E-10
           HessRho_EigVals = -7.8685216231E+00 -7.8526714196E+00 -6.3194633836E+00
           HessRho_EigVec1 =  7.2599160792E-01 -6.4829397125E-01 -2.2945830139E-01
           HessRho_EigVec2 = -2.3886171510E-01 -5.5059591328E-01  7.9986825249E-01
           HessRho_EigVec3 =  6.4488856889E-01  5.2588883533E-01  5.5458062226E-01
           DelSqRho = -2.2040656426E+01
           Bond Ellipticity = NA
           V = -5.5620203787E+00
           G =  2.5928136073E-02
           K =  5.5360922427E+00
           L =  5.5101641066E+00
           Vnuc =  6.5508819004E+01
           Ven = -2.6224861910E+01
           Vrep =  2.0662841532E+01
           DelSqV =  1.3717590778E+03
           DelSqVen =  1.4438573730E+03
           DelSqVrep = -7.2098295200E+01
           DelSqG =  1.0313129988E+02
           DelSqK = -1.4748903777E+03
           Stress_EigVals = -1.9880776283E+00 -1.9841720856E+00 -1.5897706648E+00
           Stress_EigVec1 = -2.4384721999E-01 -5.4763203228E-01  8.0039845735E-01
           Stress_EigVec2 = -7.2151617511E-01  6.5392179792E-01  2.2759765214E-01
           Stress_EigVec3 =  6.4803776306E-01  5.2200137876E-01  5.5458238181E-01
           -DivStress = -1.4370729220E+01 -1.1436572848E+01 -1.2200950309E+01
           ESP =  -8.8146795254E-01     ESP at Nucleus =  -8.8480798589E-01
           ESPe = -4.5135451827E+01     ESPe at Nucleus = -4.4910851492E+01
           ESPn =  4.4253983875E+01     ESPn at Nucleus =  4.4026043507E+01

CP# 6      Coords = -3.89803570330736E-01  1.64947409402838E+00  9.00005844678381E+00
           Type = (3,-3) NACP H6
           Rho =  4.0064335325E-01     Rho at Nucleus =  3.9296695412E-01
           GradRho = -2.0166160408E-16  1.8041124150E-16 -3.5908775953E-16
           HessRho_EigVals = -7.8743527995E+00 -7.8584431651E+00 -6.3254422043E+00
           HessRho_EigVec1 =  6.9106517308E-01 -6.9733916028E-01 -1.9012370210E-01
           HessRho_EigVec2 = -2.7930720585E-01 -5.0025021193E-01  8.1959576025E-01
           HessRho_EigVec3 =  6.6664564148E-01  5.1329116592E-01  5.4047735168E-01
           DelSqRho = -2.2058238169E+01
           Bond Ellipticity = NA
           V = -5.5665244877E+00
           G =  2.5982472733E-02
           K =  5.5405420150E+00
           L =  5.5145595422E+00
           Vnuc =  6.5791858757E+01
           Ven = -2.6359070909E+01
           Vrep =  2.0792546422E+01
           DelSqV =  1.3729718817E+03
           DelSqVen =  1.4512524900E+03
           DelSqVrep = -7.8280608292E+01
           DelSqG =  1.0321312869E+02
           DelSqK = -1.4761850104E+03
           Stress_EigVals = -1.9895485818E+00 -1.9856527517E+00 -1.5913231541E+00
           Stress_EigVec1 = -2.8417043851E-01 -4.9686914105E-01  8.1998062084E-01
           Stress_EigVec2 =  6.8621009206E-01 -7.0269243514E-01 -1.8798683771E-01
           Stress_EigVec3 =  6.6959903780E-01  5.0925867521E-01  5.4064103645E-01
           -DivStress =  1.4846768376E+01  1.1148914197E+01  1.1899765205E+01
           ESP =  -8.8384699396E-01     ESP at Nucleus =  -8.8717366038E-01
           ESPe = -4.5407459841E+01     ESPe at Nucleus = -4.5183698573E+01
           ESPn =  4.4523612847E+01     ESPn at Nucleus =  4.4296524913E+01

CP# 7      Coords = -5.00210621387396E+00 -1.37654297788236E+00 -7.14085043916037E+00
           Type = (3,-3) NACP H7
           Rho =  4.0286157409E-01     Rho at Nucleus =  3.9520161210E-01
           GradRho =  3.5636285589E-12  2.3685844952E-12 -1.0380060526E-12
           HessRho_EigVals = -7.9306308117E+00 -7.9157607278E+00 -6.3802384812E+00
           HessRho_EigVec1 = -5.8170421854E-01  7.1434202276E-01 -3.8901886413E-01
           HessRho_EigVec2 = -4.0719374391E-02  4.5208866920E-01  8.9104307849E-01
           HessRho_EigVec3 =  8.1238053564E-01  5.3416412243E-01 -2.3389432576E-01
           DelSqRho = -2.2226630021E+01
           Bond Ellipticity = NA
           V = -5.6083784528E+00
           G =  2.5860473835E-02
           K =  5.5825179790E+00
           L =  5.5566575052E+00
           Vnuc =  6.5819796610E+01
           Ven = -2.6516266868E+01
           Vrep =  2.0907888415E+01
           DelSqV =  1.3846799119E+03
           DelSqVen =  1.4629522673E+03
           DelSqVrep = -7.8272355359E+01
           DelSqG =  1.0419065056E+02
           DelSqK = -1.4888705625E+03
           Stress_EigVals = -2.0038656171E+00 -1.9998680438E+00 -1.6046447918E+00
           Stress_EigVec1 = -4.5574455810E-02  4.5573571846E-01  8.8894764969E-01
           Stress_EigVec2 = -5.8584357467E-01  7.0858844728E-01 -3.9330613827E-01
           Stress_EigVec3 =  8.0914169031E-01  5.3870898201E-01 -2.3469630953E-01
           -DivStress = -1.7844967432E+01 -1.1974873792E+01  5.2159550566E+00
           ESP =  -8.9818208805E-01     ESP at Nucleus =  -9.0183272315E-01
           ESPe = -4.5345117735E+01     ESPe at Nucleus = -4.5135592188E+01
           ESPn =  4.4446935647E+01     ESPn at Nucleus =  4.4233759465E+01

CP# 8      Coords =  5.02248507729351E+00  1.22103382266217E+00  7.14527302019351E+00
           Type = (3,-3) NACP H8
           Rho =  4.0292803421E-01     Rho at Nucleus =  3.9525576383E-01
           GradRho = -7.5658459532E-12 -4.6468566842E-12  1.9863737391E-12
           HessRho_EigVals = -7.9315047998E+00 -7.9164499098E+00 -6.3788166882E+00
           HessRho_EigVec1 = -5.4754297304E-01  7.1428896135E-01 -4.3587609750E-01
           HessRho_EigVec2 = -6.6305839433E-02  4.8222451159E-01  8.7353480531E-01
           HessRho_EigVec3 =  8.3414640702E-01  5.0719897488E-01 -2.1667711357E-01
           DelSqRho = -2.2226771398E+01
           Bond Ellipticity = NA
           V = -5.6083487769E+00
           G =  2.5827963731E-02
           K =  5.5825208132E+00
           L =  5.5566928494E+00
           Vnuc =  6.5916237212E+01
           Ven = -2.6559499882E+01
           Vrep =  2.0951151105E+01
           DelSqV =  1.3844923812E+03
           DelSqVen =  1.4651051359E+03
           DelSqVrep = -8.0612754699E+01
           DelSqG =  1.0417674375E+02
           DelSqK = -1.4886691250E+03
           Stress_EigVals = -2.0040475259E+00 -2.0000345250E+00 -1.6042667259E+00
           Stress_EigVec1 = -7.1451259135E-02  4.8661395274E-01  8.7069028855E-01
           Stress_EigVec2 = -5.5154230750E-01  7.0805237962E-01 -4.4097949016E-01
           Stress_EigVec3 =  8.3108110350E-01  5.1173107069E-01 -2.1779694830E-01
           -DivStress =  1.8348866026E+01  1.1387377851E+01 -4.8475631690E+00
           ESP =  -8.9979443294E-01     ESP at Nucleus =  -9.0347323851E-01
           ESPe = -4.5460913599E+01     ESPe at Nucleus = -4.5248258906E+01
           ESPn =  4.4561119166E+01     ESPn at Nucleus =  4.4344785668E+01

CP# 9      Coords = -4.11042623916943E+00  1.10037856631144E+00 -8.21332740198427E+00
           Type = (3,-3) NACP H9
           Rho =  4.0072757024E-01     Rho at Nucleus =  3.9306155894E-01
           GradRho =  5.8244379111E-10 -1.7272518311E-09  7.4108717427E-10
           HessRho_EigVals = -7.8770065724E+00 -7.8612119425E+00 -6.3298140212E+00
           HessRho_EigVec1 =  9.5105338642E-01  3.0415978629E-01 -5.4628569322E-02
           HessRho_EigVec2 = -6.6456668302E-02  3.7394465011E-01  9.2506697590E-01
           HessRho_EigVec3 = -3.0179623493E-01  8.7615764738E-01 -3.7585477185E-01
           DelSqRho = -2.2068032536E+01
           Bond Ellipticity = NA
           V = -5.5690176827E+00
           G =  2.6004774329E-02
           K =  5.5430129084E+00
           L =  5.5170081340E+00
           Vnuc =  6.5513651199E+01
           Ven = -2.6253126263E+01
           Vrep =  2.0684108580E+01
           DelSqV =  1.3737965828E+03
           DelSqVen =  1.4457573880E+03
           DelSqVrep = -7.1960805183E+01
           DelSqG =  1.0328048207E+02
           DelSqK = -1.4770770649E+03
           Stress_EigVals = -1.9902709604E+00 -1.9863624885E+00 -1.5923842338E+00
           Stress_EigVec1 = -6.0403200532E-02  3.7714623247E-01  9.2418189373E-01
           Stress_EigVec2 =  9.5294845093E-01  2.9732511413E-01 -5.9051048939E-02
           Stress_EigVec3 = -2.9705336766E-01  8.7713083166E-01 -3.7736030650E-01
           -DivStress = -6.4386029523E+00  1.9368933205E+01 -8.3223769999E+00
           ESP =  -8.8349050535E-01     ESP at Nucleus =  -8.8684006810E-01
           ESPe = -4.5109165117E+01     ESPe at Nucleus = -4.4889881652E+01
           ESPn =  4.4225674612E+01     ESPn at Nucleus =  4.4003041584E+01

CP# 10     Coords =  4.02983263517941E+00 -1.19620706570562E+00  8.25988328277459E+00
           Type = (3,-3) NACP H10
           Rho =  4.0122836755E-01     Rho at Nucleus =  3.9356766920E-01
           GradRho = -1.2039160120E-10  4.0179699672E-10 -1.9274023870E-10
           HessRho_EigVals = -7.8891234499E+00 -7.8732346367E+00 -6.3418398852E+00
           HessRho_EigVec1 =  9.5915663916E-01  2.8168887947E-01 -2.5882749922E-02
           HessRho_EigVec2 = -9.4945354391E-02  4.0677516547E-01  9.0858095095E-01
           HessRho_EigVec3 = -2.6646560987E-01  8.6901400446E-01 -4.1690615109E-01
           DelSqRho = -2.2104197972E+01
           Bond Ellipticity = NA
           V = -5.5778633414E+00
           G =  2.5906924189E-02
           K =  5.5519564172E+00
           L =  5.5260494930E+00
           Vnuc =  6.5503246559E+01
           Ven = -2.6281760686E+01
           Vrep =  2.0703897345E+01
           DelSqV =  1.3762933170E+03
           DelSqVen =  1.4478967302E+03
           DelSqVrep = -7.1603413146E+01
           DelSqG =  1.0348144440E+02
           DelSqK = -1.4797747614E+03
           Stress_EigVals = -1.9932957728E+00 -1.9893338410E+00 -1.5952337276E+00
           Stress_EigVec1 =  9.3349611121E-02 -4.0843950202E-01 -9.0799946217E-01
           Stress_EigVec2 =  9.6067178473E-01  2.7650264832E-01 -2.5612643441E-02
           Stress_EigVec3 = -2.6152547130E-01  8.6989853354E-01 -4.1818772005E-01
           -DivStress =  5.6628167114E+00 -1.9212514995E+01  9.2266942573E+00
           ESP =  -8.8290767113E-01     ESP at Nucleus =  -8.8622516828E-01
           ESPe = -4.5073099379E+01     ESPe at Nucleus = -4.4849031407E+01
           ESPn =  4.4190191708E+01     ESPn at Nucleus =  4.3962806238E+01

CP# 11     Coords = -8.78322443749980E-01  5.64824170078049E+00 -6.64302478702996E+00
           Type = (3,-3) NACP H11
           Rho =  4.0278102798E-01     Rho at Nucleus =  3.9510706620E-01
           GradRho =  3.2352592827E-16 -9.5349075857E-15 -1.4519635494E-15
           HessRho_EigVals = -7.9280342330E+00 -7.9131684224E+00 -6.3754168454E+00
           HessRho_EigVec1 =  7.2749930399E-01  2.3204421621E-01 -6.4567812757E-01
           HessRho_EigVec2 =  6.8607981161E-01 -2.5462613337E-01  6.8151304046E-01
           HessRho_EigVec3 =  6.2653657165E-03  9.3878699071E-01  3.4444118694E-01
           DelSqRho = -2.2216619501E+01
           Bond Ellipticity = NA
           V = -5.6058388903E+00
           G =  2.5842007530E-02
           K =  5.5799968827E+00
           L =  5.5541548752E+00
           Vnuc =  6.6010055240E+01
           Ven = -2.6587597907E+01
           Vrep =  2.0981759016E+01
           DelSqV =  1.3837905706E+03
           DelSqVen =  1.4665202805E+03
           DelSqVrep = -8.2729709881E+01
           DelSqG =  1.0412168692E+02
           DelSqK = -1.4879122575E+03
           Stress_EigVals = -2.0032050008E+00 -1.9991888971E+00 -1.6034449924E+00
           Stress_EigVec1 =  6.9048743101E-01 -2.5180495197E-01  6.7810130053E-01
           Stress_EigVec2 = -7.2334322252E-01 -2.3868183363E-01  6.4792404241E-01
           Stress_EigVec3 =  1.3000205862E-03  9.3788338745E-01  3.4694821154E-01
