AIMSum (Version 19.10.12, Professional)
Copyright (c) 1997-2019 by Todd A. Keith
AIMSum is a component of the AIMAll package ( http://aim.tkgristmill.com )

TP:  64-bit Linux

Much of the Quantum Theory of Atoms in Molecules (QTAIM) is described in the book:
  "Atoms in Molecules - A Quantum Theory"
  R.F.W. Bader, Oxford University Press, Oxford, 1990

For additional references see:  http://aim.tkgristmill.com/references.html

Wfx File:  /home/vallet/ANL/CeIV-dimer/CeIV-O-CeIV/eclipsed-structure-Ce-dinuclear2/geom-pbe0-cosmo/g16-qtaim/CeIV-O-CeIV-eclipsed.qtaim.wfx
Sum File:  /home/vallet/ANL/CeIV-dimer/CeIV-O-CeIV/eclipsed-structure-Ce-dinuclear2/geom-pbe0-cosmo/g16-qtaim/CeIV-O-CeIV-eclipsed.qtaim.sum

SumViz File:  /home/vallet/ANL/CeIV-dimer/CeIV-O-CeIV/eclipsed-structure-Ce-dinuclear2/geom-pbe0-cosmo/g16-qtaim/CeIV-O-CeIV-eclipsed.qtaim.sumviz

Wfx Title:   CeIV-O-CeIV-eclipsed.qtaim.chk                                                
 
Specified number of ECP-modeled core electrons in wfx file =     56
Integrated number of ECP-modeled core electrons from EDF data in wfx file =  5.6000000000E+01
 
Total memory allocated for AIMSum =        5.452 Megabytes

Atomic units (a.u.) used throughout, except where stated otherwise

Model:  Restricted SCF
 
Restricted, closed-shell, single-determinant wavefunction.
  Number of electrons (from MO Occs)                   =         314.0000000000
  Number of Alpha electrons (from MO Occs)             =         157.0000000000
  Number of Beta electrons (from MO Occs)              =         157.0000000000
  Number of electron pairs (N*(N-1)/2)                 =       49141.0000000000
  Number of electron pairs (from Muller 2EDM)          =       49141.0000000000
 
Number of ECP-modeled core electrons based on atomic numbers and nuclear charges
specified in the wavefunction file = 56       
Number of ECP-modeled core electrons specified in the wavefunction file = 56       
 
The wavefunction file contains additional electron density function data to represent
the electron density distribution of ECP-modeled core electrons.  Note that only
"non-core-sensitive" properties that are expressible in terms of the electron density
distribution include contributions from these additional core density distributions.
 
Nuclear Charges and Cartesian Coordinates:
-------------------------------------------------------------------------------
Atom      Charge                X                  Y                  Z
-------------------------------------------------------------------------------
Ce1       58.0           9.0408711380E-01  -6.2865613331E-03   3.7102790355E+00
Ce2       58.0          -7.9479128961E-01  -4.0612736828E-02  -3.7799454488E+00
H3         1.0          -2.9822825017E-01   4.9120420817E+00   1.1441756364E+00
H4         1.0           3.3658749316E-01  -5.5981456788E+00  -2.6440862220E+00
H5         1.0           1.7619209986E+00   5.6789324327E+00   3.0478414697E+00
H6         1.0          -2.5544058193E+00  -5.4087655998E+00  -2.3194508248E+00
H7         1.0           2.9080276793E+00   1.5497183184E+00   8.7608333544E+00
H8         1.0          -3.7017448819E+00  -1.0085637921E+00  -8.5856355505E+00
H9         1.0           1.8341411706E+00   4.0959488167E+00   7.8419704366E+00
H10        1.0          -3.3608392612E+00  -3.7065906327E+00  -7.5028337946E+00
H11        1.0           2.0305246712E-01  -2.9596259205E+00   8.8006823681E+00
H12        1.0          -3.6461174184E-01   3.2471937205E+00  -8.6997657311E+00
H13        1.0           2.8166721011E+00  -3.8417911215E+00   7.8645037537E+00
H14        1.0          -2.7342512984E+00   4.3045276829E+00  -7.3785036598E+00
N15        7.0          -4.1841226734E+00   1.2541631486E+00   5.5867538365E+00
N16        7.0           3.5183882172E+00  -2.2836816770E+00  -6.5010154214E+00
N17        7.0          -3.6966983648E-01  -5.3809530242E+00   3.1444326032E+00
N18        7.0           1.9014547763E+00   4.8670506285E+00  -3.3305448197E+00
N19        7.0           6.3926966793E+00   6.9586018669E-01   3.1782646097E+00
N20        7.0          -6.0839833915E+00   3.7615085431E-01  -2.1416287290E+00
O21        8.0           3.4520654664E-01  -2.6665275046E-01  -1.0882319952E-01
O22        8.0          -3.6912084811E+00   1.2065082274E+00   3.2663289891E+00
O23        8.0           3.3447799062E+00  -2.3059238342E+00  -4.1239321947E+00
O24        8.0          -2.3660405729E+00   7.0601508154E-01   7.0362562608E+00
O25        8.0           1.7132487985E+00  -1.2399984146E+00  -7.6517295879E+00
O26        8.0          -6.2454566670E+00   1.7855316857E+00   6.3897219598E+00
O27        8.0           5.2900010639E+00  -3.1959472637E+00  -7.5953486307E+00
O28        8.0           2.5635041314E-01   4.6623214255E+00   2.8807067099E+00
O29        8.0          -1.1555310512E+00  -4.7911736246E+00  -3.3128051586E+00
O30        8.0          -1.9836699587E+00  -3.7538905436E+00   3.7882836443E+00
O31        8.0           2.8488524049E+00   2.9762443303E+00  -4.4051310741E+00
O32        8.0           1.8460097640E+00  -4.5648784594E+00   2.8601067700E+00
O33        8.0          -3.3388725356E-01   4.5767109876E+00  -2.5278849529E+00
O34        8.0          -9.1271188891E-01  -7.5679555785E+00   2.8233436792E+00
O35        8.0           3.0303900304E+00   6.8225019700E+00  -3.0741768458E+00
O36        8.0           2.8117038265E+00   2.6522263275E+00   7.3073265371E+00
O37        8.0          -3.7510061056E+00  -1.9855125652E+00  -7.0449357817E+00
O38        8.0           5.4146142497E+00  -1.1026868399E+00   4.4044892685E+00
O39        8.0          -4.8999214985E+00   2.1468892602E+00  -3.2219656925E+00
O40        8.0           4.8565842058E+00   2.1993971506E+00   2.1677490769E+00
O41        8.0          -4.8415520855E+00  -1.6124964407E+00  -1.7907075155E+00
O42        8.0           8.6458526494E+00   9.4705755995E-01   3.0007192510E+00
O43        8.0          -8.2528983142E+00   5.9569881697E-01  -1.4985290880E+00
O44        8.0           1.6913635777E+00  -2.4078949179E+00   7.9035284500E+00
O45        8.0          -1.7914538124E+00   2.7713372834E+00  -7.6689177766E+00
 
Some Atomic Properties:
----------------------
  q(A) = Net Charge of Atom A
  L(A) = Lagrangian of Atom A = -(1/4) Times Atomic Integral of the Laplacian of the Electron Density
  K(A) = Electronic Kinetic Energy of Atom A (Hamiltonian Form)
  K_Scaled(A) = K(A) * E(Mol)/K(Mol) = Approximation to Virial-Based Total Energy of Atom A.
  |Mu_Intra(A)| = Magnitude of Intraatomic Dipole Moment of Atom A
--------------------------------------------------------------------------------------------------
Atom A          q(A)              L(A)              K(A)          K_Scaled(A)      |Mu_Intra(A)|
--------------------------------------------------------------------------------------------------
Ce1       2.5889577390E+00 -3.1788679459E-04  1.7885803540E+02 -2.2062730059E+02  1.7252562082E-01
Ce2       2.5902952440E+00 -2.5414103825E-04  1.7887710916E+02 -2.2065082870E+02  1.7939234515E-01
H3        6.4820688582E-01 -5.0732081599E-06  3.2580569416E-01 -4.0189209649E-01  1.1910830802E-01
H4        6.4659918028E-01  4.5121809312E-05  3.2860395602E-01 -4.0534384502E-01  1.3460102927E-01
H5        6.3989898753E-01  5.6136592312E-05  3.3321490330E-01 -4.1103160094E-01  1.3677557795E-01
H6        6.4609142486E-01  3.8269322433E-05  3.2921457432E-01 -4.0609706287E-01  1.3415872317E-01
H7        6.4504621663E-01  4.1792451023E-05  3.2918452195E-01 -4.0605999229E-01  1.3375989817E-01
H8        6.4571302206E-01  6.7279718989E-05  3.2893385456E-01 -4.0575078576E-01  1.3447849107E-01
H9        6.4171063762E-01  2.8238847847E-05  3.3198948925E-01 -4.0952001219E-01  1.3637785991E-01
H10       6.4407148129E-01  3.5113744711E-05  3.3028812316E-01 -4.0742132086E-01  1.3577888518E-01
H11       6.4547692460E-01  3.7261988280E-05  3.2955998021E-01 -4.0652313247E-01  1.3520930903E-01
H12       6.4551532421E-01  3.4837752374E-05  3.2954587995E-01 -4.0650573933E-01  1.3506150471E-01
H13       6.4566492238E-01  4.7954585819E-05  3.2962699469E-01 -4.0660579704E-01  1.3488763643E-01
H14       6.4582687874E-01  3.2304281903E-05  3.2951171857E-01 -4.0646360013E-01  1.3475533465E-01
N15       9.7147637190E-01 -4.0676869060E-05  5.3882414000E+01 -6.6465739286E+01  3.4072596132E-02
N16       9.7079363350E-01 -2.7222045003E-04  5.3882060393E+01 -6.6465303100E+01  3.6052251672E-02
N17       9.7101294600E-01  2.3175250257E-04  5.3884220603E+01 -6.6467967790E+01  3.1630064368E-02
N18       9.7282769600E-01 -4.3948944930E-05  5.3881288402E+01 -6.6464350824E+01  3.2415786243E-02
N19       9.7358261370E-01 -2.9603154881E-06  5.3881029567E+01 -6.6464031542E+01  3.3494539398E-02
N20       9.7656231650E-01  3.6213210988E-04  5.3879964207E+01 -6.6462717386E+01  3.2896492567E-02
O21      -1.0455066367E+00  5.7495429599E-05  7.5312512148E+01 -9.2900473936E+01  2.0739472169E-02
O22      -5.9761713960E-01  3.8771994678E-05  7.5170247946E+01 -9.2724986338E+01  3.0184673498E-01
O23      -6.0979731020E-01 -9.2483809473E-06  7.5169643733E+01 -9.2724241022E+01  3.1672774606E-01
O24      -6.2210766550E-01  1.0834290965E-04  7.5170802706E+01 -9.2725670654E+01  3.1322511003E-01
O25      -6.1433247790E-01  2.5150676247E-06  7.5166324900E+01 -9.2720147132E+01  3.1474382655E-01
O26      -5.1618478090E-01  2.0465013511E-05  7.5154743704E+01 -9.2705861344E+01  3.1597792917E-01
O27      -5.1257729400E-01  1.5712260822E-05  7.5155149373E+01 -9.2706361750E+01  3.1423347122E-01
O28      -1.2165111701E+00  7.1421519967E-05  7.5419650983E+01 -9.3032633232E+01  2.4951129121E-01
O29      -1.2091284471E+00 -1.5961623833E-04  7.5422393718E+01 -9.3036016486E+01  2.5645645764E-01
O30      -6.1544458780E-01  5.5015107185E-05  7.5170239063E+01 -9.2724975381E+01  3.1220840846E-01
O31      -6.0806460710E-01  7.9356743949E-05  7.5168621534E+01 -9.2722980106E+01  3.1189073158E-01
O32      -6.0977831590E-01 -2.2583226214E-05  7.5171138010E+01 -9.2726084262E+01  3.1443485467E-01
O33      -6.2914990100E-01  1.7667339593E-05  7.5169024423E+01 -9.2723477083E+01  3.1328499555E-01
O34      -5.1914563480E-01  1.0062196372E-06  7.5153882623E+01 -9.2704799172E+01  3.1765635828E-01
O35      -5.1029427630E-01  2.1850420111E-05  7.5154295920E+01 -9.2705308988E+01  3.1373089561E-01
O36      -1.2105353330E+00 -1.0021129844E-04  7.5422209189E+01 -9.3035788863E+01  2.6239560285E-01
O37      -1.2111593785E+00 -1.2025009773E-04  7.5429191271E+01 -9.3044401492E+01  2.6364841138E-01
O38      -6.1273838870E-01  1.5922839049E-05  7.5171808732E+01 -9.2726911620E+01  3.0529424055E-01
O39      -6.1568451250E-01  4.1482469432E-05  7.5167195267E+01 -9.2721220759E+01  3.0959104031E-01
O40      -6.1042539290E-01  6.7845930999E-06  7.5168490842E+01 -9.2722818893E+01  3.1372830987E-01
O41      -6.0830531000E-01  9.8748236300E-05  7.5177515537E+01 -9.2733951152E+01  3.1321937750E-01
O42      -5.1475107120E-01  1.7016899181E-05  7.5155447708E+01 -9.2706729756E+01  3.1458703127E-01
O43      -5.1345261520E-01  2.6207878354E-05  7.5155243113E+01 -9.2706477381E+01  3.1416419111E-01
O44      -1.2110751586E+00 -4.3696672859E-05  7.5424613748E+01 -9.3038754966E+01  2.6712256349E-01
O45      -1.2113069404E+00  3.2485206119E-05  7.5419293392E+01 -9.3032192131E+01  2.6688828634E-01
--------------------------------------------------------------------------------------------------
Total     2.5610072001E-04  3.9395032029E-04  2.5658012810E+03 -3.1650007181E+03
 
1st Largest |L(A)| = 3.6213210988E-04, atom N20     
2nd Largest |L(A)| = 3.1788679459E-04, atom Ce1     
 
Molecular charge q(Mol) from the wfx file:   0.0000000000E+00
Molecular energy E(Mol) from the wfx file:  -3.1650005547E+03
Molecular virial ratio (-V(Mol)/T(Mol)) from the wfx file:   2.2335330649E+00
Note.  K_Scaled(A) = (1+V(Mol)/T(Mol))*K(A) = (E(Mol)/T(Mol))*K(A)
       Only use K_Scaled(A) data with caution.
 
N_AIMInt(SumA)     =        369.999744
N_Analytic(Mol)    =        314.000000
 
G_AIMInt(SumA)     =       2565.800887
G_Analytic(Mol)    =       2565.801149
 
K_AIMInt(SumA)     =       2565.801281
K_Analytic(Mol)    =       2565.801149
 
L_AIMInt(SumA)     =          0.000394
L_Analytic(Mol)    =          0.000000
 
VenT_AIMInt(SumA)  =     -19927.381813
VenT_Analytic(Mol) =     -19927.386766
 
Some Information About the Atomic Calculations:
----------------------------------------------
  Time(sec) = "Elapsed User Time", in Seconds, for Atom A by AIMInt and, if used, by TWOe
  NProc = Number of Processors Used for AIMInt Job
  BIM = Basin Integration Method
  OAQ = Angular Quadrature Outside of Beta Sphere
  ORQ = Multiple of Default for Radial Quadrature Outside of Beta Sphere
  IAQ = Multiple of Default for Angular Quadrature Inside of Beta Sphere
  IRQ = Multiple of Default for Radial Quadrature Inside of Beta Sphere
  MIR = Maximum Integration Radius
------------------------------------------------------------------------------------------------------
Atom A     Time(sec)   NProc      BIM          OAQ                     ORQ      IAQ      IRQ      MIR
------------------------------------------------------------------------------------------------------
Ce1          1206        1     Proaim(5)    7200(GS7)                  1.00     1.00     1.00    13.00
Ce2          1709        1     Proaim(5)    4500(GS4)                  1.00     1.00     1.00    13.00
H3            177        1     Proaim(5)    4500(GS4)                  1.00     1.00     1.00    13.00
H4            129        1     Proaim(5)    1800(GS4)                  1.00     1.00     1.00    13.00
H5            144        1     Proaim(5)    1800(GS4)                  1.00     1.00     1.00    13.00
H6            134        1     Proaim(5)    1800(GS4)                  1.00     1.00     1.00    13.00
H7            144        1     Proaim(5)    1800(GS4)                  1.00     1.00     1.00    13.00
H8            136        1     Proaim(5)    1800(GS4)                  1.00     1.00     1.00    13.00
H9            139        1     Proaim(5)    1800(GS4)                  1.00     1.00     1.00    13.00
H10           140        1     Proaim(5)    1800(GS4)                  1.00     1.00     1.00    13.00
H11           141        1     Proaim(5)    1800(GS4)                  1.00     1.00     1.00    13.00
H12           140        1     Proaim(5)    1800(GS4)                  1.00     1.00     1.00    13.00
H13           143        1     Proaim(5)    1800(GS4)                  1.00     1.00     1.00    13.00
H14           145        1     Proaim(5)    1800(GS4)                  1.00     1.00     1.00    13.00
N15           300        1     Proaim(5)    4500(GS4)                  1.00     1.00     1.00    13.00
N16           253        1     Proaim(5)    4500(GS4)                  1.00     1.00     1.00    13.00
N17           571        1     Proaim(5)    4500(GS4)                  1.00     1.00     1.00    13.00
N18           304        1     Proaim(5)    4500(GS4)                  1.00     1.00     1.00    13.00
N19           314        1     Proaim(5)    4500(GS4)                  1.00     1.00     1.00    13.00
N20           370        1     Proaim(5)    4500(GS4)                  1.00     1.00     1.00    13.00
O21           712        1     Proaim(5)    4500(GS4)                  1.00     1.00     1.00    13.00
O22           564        1     Proaim(5)    4500(GS4)                  1.00     1.00     1.00    13.00
O23           593        1     Proaim(5)    4500(GS4)                  1.00     1.00     1.00    13.00
O24           462        1     Proaim(5)    4500(GS4)                  1.00     1.00     1.00    13.00
O25           513        1     Proaim(5)    4500(GS4)                  1.00     1.00     1.00    13.00
O26           378        1     Proaim(5)    2700(GS4)                  1.00     1.00     1.00    13.00
O27           437        1     Proaim(5)    2700(GS4)                  1.00     1.00     1.00    13.00
O28           600        1     Proaim(5)    4500(GS4)                  1.00     1.00     1.00    13.00
O29           848        1     Proaim(5)    4500(GS4)                  1.00     1.00     1.00    13.00
O30           506        1     Proaim(5)    4500(GS4)                  1.00     1.00     1.00    13.00
O31           598        1     Proaim(5)    4500(GS4)                  1.00     1.00     1.00    13.00
O32           520        1     Proaim(5)    4500(GS4)                  1.00     1.00     1.00    13.00
O33           458        1     Proaim(5)    4500(GS4)                  1.00     1.00     1.00    13.00
O34           473        1     Proaim(5)    2700(GS4)                  1.00     1.00     1.00    13.00
O35           432        1     Proaim(5)    2700(GS4)                  1.00     1.00     1.00    13.00
O36           600        1     Proaim(5)    4500(GS4)                  1.00     1.00     1.00    13.00
O37           649        1     Proaim(5)    4500(GS4)                  1.00     1.00     1.00    13.00
O38           463        1     Proaim(5)    4500(GS4)                  1.00     1.00     1.00    13.00
O39           479        1     Proaim(5)    4500(GS4)                  1.00     1.00     1.00    13.00
O40           530        1     Proaim(5)    4500(GS4)                  1.00     1.00     1.00    13.00
O41           648        1     Proaim(5)    4500(GS4)                  1.00     1.00     1.00    13.00
O42           395        1     Proaim(5)    2700(GS4)                  1.00     1.00     1.00    13.00
O43           399        1     Proaim(5)    2700(GS4)                  1.00     1.00     1.00    13.00
O44           493        1     Proaim(5)    4500(GS4)                  1.00     1.00     1.00    13.00
O45           497        1     Proaim(5)    4500(GS4)                  1.00     1.00     1.00    13.00
------------------------------------------------------------------------------------------------------
Total       19986
Note:  Total wall clock time is less than total of atomic times if more than one atom
       was calculated at a time
 
Electron Density Critical Point Analysis of Molecular Structure:               
---------------------------------------------------------------                
  NACP = Nuclear Attractor Critical Point                                      
  NNACP = Non-Nuclear Attractor Critical Point                                 
  BCP = Bond Critical Point                                                    
  RCP = Ring Critical Point                                                    
  CCP = Cage Critical Point                                                    
  Rho = Electron Density                                                       
  GradRho = Gradient of Electron Density                                       
  HessRho_EigVals = Eigenvalues of the Hessian of Rho, Ascending Order         
  HessRho_EigVecs = Eigenvectors of the Hessian of Rho                         
  DelSqRho = Laplacian of Rho = Trace of Hessian of Rho                        
  Bond Ellipticity = (HessRho_EigVal(1) / HessRho_EigVal(2)) - 1               
  V = Virial Field = Potential Energy Density = Trace of Stress Tensor         
  G = Lagrangian Form of Kinetic Energy Density                                
  K = Hamiltonian Form of Kinetic Energy Density                               
  L = K - G = Lagrangian Density = (-1/4)DelSqRho                              
  Vnuc = Electrostatic Potential from Nuclei                                   
  Ven = Electron-nuclear attractive contribution to Virial Field V             
  Vrep = V - Ven = Repulsive contribution to Virial Field V                    
  DelSqV = Laplacian of V                                                      
  DelSqVen = Laplacian of Ven                                                  
  DelSqVrep = Laplacian of Vrep                                                
  DelSqG = Laplacian of G                                                      
  DelSqK = Laplacian of K                                                      
  Stress_EigVals = Eigenvalues of Stress Tensor, Ascending Order               
  Stress_EigVecs = Eigenvectors of Stress Tensor                               
  -DivStress = Ehrenfest Force Density = Minus Divergence of Stress Tensor     
  ESP = Total Electrostatic Potential                                          
  ESPe = Electrostatic Potential from Electrons                                
  ESPn = Electrostatic Potential from Nuclei                                   
  BP = Bond Path                                                               
  BPL = Bond Path Length                                                       
  GBL = Geometric Bond Length                                                  
  GBL_I = Distance Between Nuclear Attractors                                  
  GBL_II = Distance Between Nuclei                                             
  GBL_III = Sum of Distances Between BCP and Nuclear Attractors                
  GBL_IV = Sum of Distances Between BCP and Nuclei                             

CP# 1      Coords =  9.04087113804400E-01 -6.28656133305807E-03  3.71027903545700E+00
           Type = (3,-3) NACP Ce1
           Rho =  1.0618359210E+06     Rho at Nucleus =  1.0618359210E+06
           GradRho =  1.4409056383E-03  4.3708007227E-06  3.6731541844E-03
           HessRho_EigVals = -3.2726862913E+13 -3.2726862913E+13 -3.2726862913E+13
           HessRho_EigVec1 =  1.3489078242E-01  4.6247741512E-02  9.8978059348E-01
           HessRho_EigVec2 = -4.6903628127E-01  8.8288792844E-01  2.2668759533E-02
           HessRho_EigVec3 =  8.7281695886E-01  4.6730081555E-01 -1.4078531215E-01
           DelSqRho = -9.8180588740E+13
           Bond Ellipticity = NA
           V = -1.6538330109E+03
           G =  3.1096776866E+01
           K =  1.6227362341E+03
           L =  2.4545147185E+13
           Vnuc =  5.8000000452E+09
           Ven = -6.1586483896E+15
           Vrep =  6.1586483896E+15
           DelSqV =  8.6585482615E+08
           DelSqVen =  1.8475945082E+32
           DelSqVrep = -1.8475945082E+32
           DelSqG =  4.8076856741E+07
           DelSqK = -9.1393168289E+08
           Stress_EigVals = -5.5133229239E+02 -5.5125726019E+02 -5.5124345836E+02
           Stress_EigVec1 =  1.8683011953E-01  6.3954232032E-02  9.8030829979E-01
           Stress_EigVec2 =  9.5942653571E-01  2.0262640693E-01 -1.9606953306E-01
           Stress_EigVec3 = -2.1117582488E-01  9.7716549029E-01 -2.3502671456E-02
           -DivStress =  2.1910516680E+01  2.2474772391E+01  1.0765723318E+02
           ESP =  -3.7725041729E+02     ESP at Nucleus =  -3.7725041729E+02
           ESPe = -4.2246501442E+02     ESPe at Nucleus = -4.2246501442E+02
           ESPn =  4.5214597124E+01     ESPn at Nucleus =  4.5214597124E+01

CP# 2      Coords = -7.94791289608100E-01 -4.06127368281400E-02 -3.77994544882600E+00
           Type = (3,-3) NACP Ce2
           Rho =  1.0618359210E+06     Rho at Nucleus =  1.0618359210E+06
           GradRho =  2.4256651220E-04 -2.6042569412E-05 -3.5034700859E-03
           HessRho_EigVals = -3.2726862913E+13 -3.2726862913E+13 -3.2726862913E+13
           HessRho_EigVec1 =  2.7023306810E-01 -7.2563176695E-02  9.6005659953E-01
           HessRho_EigVec2 =  9.3108873678E-01 -2.3409602315E-01 -2.7977279386E-01
           HessRho_EigVec3 =  2.4504663462E-01  9.6950174695E-01  4.3022699610E-03
           DelSqRho = -9.8180588740E+13
           Bond Ellipticity = NA
           V = -1.6537269774E+03
           G =  3.1090401332E+01
           K =  1.6226365761E+03
           L =  2.4545147185E+13
           Vnuc =  5.8000000451E+09
           Ven = -6.1586483895E+15
           Vrep =  6.1586483895E+15
           DelSqV =  8.6580183736E+08
           DelSqVen =  1.8475945082E+32
           DelSqVrep = -1.8475945082E+32
           DelSqG =  4.8074252879E+07
           DelSqK = -9.1387609024E+08
           Stress_EigVals = -5.5130017542E+02 -5.5122369319E+02 -5.5120310880E+02
           Stress_EigVec1 =  3.2454208347E-01 -7.1323640932E-02  9.4317833642E-01
           Stress_EigVec2 =  9.3672231809E-01 -1.1411907949E-01 -3.3095035048E-01
           Stress_EigVec3 =  1.3123922751E-01  9.9090351394E-01  2.9774002446E-02
           -DivStress = -3.9062826030E+01  4.0208631997E+00 -1.0915549830E+02
           ESP =  -3.7724684988E+02     ESP at Nucleus =  -3.7724684988E+02
           ESPe = -4.2237229872E+02     ESPe at Nucleus = -4.2237229872E+02
           ESPn =  4.5125448840E+01     ESPn at Nucleus =  4.5125448840E+01

CP# 3      Coords = -2.83213410084971E-01  4.90612714336506E+00  1.18791018286215E+00
           Type = (3,-3) NACP H3
           Rho =  3.9004458693E-01     Rho at Nucleus =  3.8270159220E-01
           GradRho =  2.0851376181E-15  2.2898349883E-16  6.1582683397E-15
           HessRho_EigVals = -7.6582425275E+00 -7.6428477026E+00 -6.1656290688E+00
           HessRho_EigVec1 =  7.1919772503E-01  6.7944719549E-01 -1.4527952665E-01
           HessRho_EigVec2 =  6.2031981720E-01 -7.2209244683E-01 -3.0624471035E-01
           HessRho_EigVec3 =  3.1298235845E-01 -1.3013072958E-01  9.4080180512E-01
           DelSqRho = -2.1466719299E+01
           Bond Ellipticity = NA
           V = -5.4222888657E+00
           G =  2.7804520468E-02
           K =  5.3944843452E+00
           L =  5.3666798247E+00
           Vnuc =  7.5601932814E+01
           Ven = -2.9488124655E+01
           Vrep =  2.4065835790E+01
           DelSqV =  1.3385973298E+03
           DelSqVen =  1.6229254702E+03
           DelSqVrep = -2.8432814042E+02
           DelSqG =  1.0045398865E+02
           DelSqK = -1.4390513184E+03
           Stress_EigVals = -1.9346910909E+00 -1.9308312667E+00 -1.5567665080E+00
           Stress_EigVec1 =  6.3219703011E-01 -7.0888473777E-01 -3.1274485394E-01
           Stress_EigVec2 =  7.0576284987E-01  6.9342914133E-01 -1.4510281078E-01
           Stress_EigVec3 =  3.1972756349E-01 -1.2899013336E-01  9.3868835651E-01
           -DivStress = -6.8597835334E+00  2.7019224611E+00 -1.9976294436E+01
           ESP =  -9.2389302126E-01     ESP at Nucleus =  -9.2741252066E-01
           ESPe = -5.5074413061E+01     ESPe at Nucleus = -5.4973296225E+01
           ESPn =  5.4150520039E+01     ESPn at Nucleus =  5.4045883704E+01

CP# 4      Coords =  2.97465960502159E-01 -5.57765007241850E+00 -2.66050141471307E+00
           Type = (3,-3) NACP H4
           Rho =  4.0111169795E-01     Rho at Nucleus =  3.9339387421E-01
           GradRho = -9.8724171199E-12  5.2015353830E-12 -4.1911023263E-12
           HessRho_EigVals = -7.8871674180E+00 -7.8711688851E+00 -6.3301615137E+00
           HessRho_EigVec1 =  5.5935526364E-01  5.5428568159E-01 -6.1635141942E-01
           HessRho_EigVec2 =  7.3558258884E-02  7.0742809551E-01  7.0294713331E-01
           HessRho_EigVec3 =  8.2565784171E-01 -4.3853491635E-01  3.5493133921E-01
           DelSqRho = -2.2088497817E+01
           Bond Ellipticity = NA
           V = -5.5737080505E+00
           G =  2.5791798151E-02
           K =  5.5479162523E+00
           L =  5.5221244542E+00
           Vnuc =  7.1640631023E+01
           Ven = -2.8735895152E+01
           Vrep =  2.3162187102E+01
           DelSqV =  1.3744556022E+03
           DelSqVen =  1.5824339220E+03
           DelSqVrep = -2.0797831976E+02
           DelSqG =  1.0337409439E+02
           DelSqK = -1.4778296966E+03
           Stress_EigVals = -1.9928532420E+00 -1.9887826442E+00 -1.5920721643E+00
           Stress_EigVec1 =  7.2294764054E-02  7.0434292796E-01  7.0616889405E-01
           Stress_EigVec2 =  5.5566069253E-01  5.5952140746E-01 -6.1496096572E-01
           Stress_EigVec3 =  8.2826002069E-01 -4.3684875463E-01  3.5092521099E-01
           -DivStress =  1.8374927699E+01 -9.6268119140E+00  7.7071439660E+00
           ESP =  -9.0405069794E-01     ESP at Nucleus =  -9.0769203242E-01
           ESPe = -5.1320972470E+01     ESPe at Nucleus = -5.1127530771E+01
           ESPn =  5.0416921772E+01     ESPn at Nucleus =  5.0219838739E+01

CP# 5      Coords =  1.72350959437365E+00  5.65297660537798E+00  3.04255722675738E+00
           Type = (3,-3) NACP H5
           Rho =  4.0266621855E-01     Rho at Nucleus =  3.9505078314E-01
           GradRho = -5.4385176917E-12 -3.6761340499E-12 -7.2274478069E-13
           HessRho_EigVals = -7.9222860768E+00 -7.9080965087E+00 -6.3822157371E+00
           HessRho_EigVec1 =  1.3202887556E-01 -3.6856569098E-01  9.2017808464E-01
           HessRho_EigVec2 = -5.5180991894E-01  7.4383753972E-01  3.7710943753E-01
           HessRho_EigVec3 =  8.2345260300E-01  5.5755272929E-01  1.0517017009E-01
           DelSqRho = -2.2212598323E+01
           Bond Ellipticity = NA
           V = -5.6051422140E+00
           G =  2.5996316674E-02
           K =  5.5791458973E+00
           L =  5.5531495807E+00
           Vnuc =  7.0496144721E+01
           Ven = -2.8386416017E+01
           Vrep =  2.2781273803E+01
           DelSqV =  1.3842311400E+03
           DelSqVen =  1.5659025460E+03
           DelSqVrep = -1.8167140596E+02
           DelSqG =  1.0410461164E+02
           DelSqK = -1.4883357517E+03
           Stress_EigVals = -2.0018672380E+00 -1.9980464995E+00 -1.6052284766E+00
           Stress_EigVec1 = -5.5169114690E-01  7.3861317070E-01  3.8741123177E-01
           Stress_EigVec2 =  1.3433539565E-01 -3.7974012554E-01  9.1528762612E-01
           Stress_EigVec3 =  8.2315908542E-01  5.5699912130E-01  1.1027737286E-01
           -DivStress =  1.8140118204E+01  1.2260625683E+01  2.4984305238E+00
           ESP =  -9.0715897104E-01     ESP at Nucleus =  -9.1047328072E-01
           ESPe = -4.9971220585E+01     ESPe at Nucleus = -4.9722662808E+01
           ESPn =  4.9064061614E+01     ESPn at Nucleus =  4.8812189527E+01

CP# 6      Coords = -2.51763190087500E+00 -5.39320127203216E+00 -2.34437008693769E+00
           Type = (3,-3) NACP H6
           Rho =  4.0129742735E-01     Rho at Nucleus =  3.9359027558E-01
           GradRho =  1.7192011703E-12  7.3585582072E-13 -1.1736011468E-12
           HessRho_EigVals = -7.8903485550E+00 -7.8745103070E+00 -6.3355864522E+00
           HessRho_EigVec1 = -6.0495504301E-01  6.3484465715E-01 -4.8062631765E-01
           HessRho_EigVec2 =  1.7876323262E-01  6.9647972281E-01  6.9495302170E-01
           HessRho_EigVec3 =  7.7593369730E-01  3.3449702091E-01 -5.3482580379E-01
           DelSqRho = -2.2100445314E+01
           Bond Ellipticity = NA
           V = -5.5766728781E+00
           G =  2.5780774794E-02
           K =  5.5508921033E+00
           L =  5.5251113285E+00
           Vnuc =  7.1032182966E+01
           Ven = -2.8505032284E+01
           Vrep =  2.2928359406E+01
           DelSqV =  1.3753697877E+03
           DelSqVen =  1.5698428752E+03
           DelSqVrep = -1.9447308748E+02
           DelSqG =  1.0343311821E+02
           DelSqK = -1.4788029059E+03
           Stress_EigVals = -1.9936745077E+00 -1.9895569626E+00 -1.5934414078E+00
           Stress_EigVec1 =  1.7062713464E-01  7.0344613213E-01  6.8996370927E-01
           Stress_EigVec2 =  6.0324606469E-01 -6.2823967805E-01  4.9133399267E-01
           Stress_EigVec3 =  7.7908957531E-01  3.3238298108E-01 -5.3154584707E-01
           -DivStress = -1.7281286734E+01 -7.3138512035E+00  1.1707845528E+01
           ESP =  -9.0406425918E-01     ESP at Nucleus =  -9.0771704656E-01
           ESPe = -5.0691072836E+01     ESPe at Nucleus = -5.0483879695E+01
           ESPn =  4.9787008577E+01     ESPn at Nucleus =  4.9576162648E+01

CP# 7      Coords =  2.90475304777080E+00  1.57881587322542E+00  8.72402940298845E+00
           Type = (3,-3) NACP H7
           Rho =  3.9952654737E-01     Rho at Nucleus =  3.9186929473E-01
           GradRho = -1.4893641875E-13  1.3619192579E-12 -1.7314517875E-12
           HessRho_EigVals = -7.8490905265E+00 -7.8339969448E+00 -6.3060376117E+00
           HessRho_EigVec1 =  4.7658733200E-01 -6.7461633993E-01 -5.6369966195E-01
           HessRho_EigVec2 =  8.7679531431E-01  4.1141978815E-01  2.4892515887E-01
           HessRho_EigVec3 =  6.3988215907E-02 -6.1288379961E-01  7.8757790497E-01
           DelSqRho = -2.1989125083E+01
           Bond Ellipticity = NA
           V = -5.5496818202E+00
           G =  2.6200274741E-02
           K =  5.5234815455E+00
           L =  5.4972812708E+00
           Vnuc =  6.5786264610E+01
           Ven = -2.6283359164E+01
           Vrep =  2.0733677343E+01
           DelSqV =  1.3686173695E+03
           DelSqVen =  1.4465824012E+03
           DelSqVrep = -7.7965031777E+01
           DelSqG =  1.0286268203E+02
           DelSqK = -1.4714800515E+03
           Stress_EigVals = -1.9833257748E+00 -1.9793843727E+00 -1.5869716728E+00
           Stress_EigVec1 =  8.7677415569E-01  4.1242247151E-01  2.4733536930E-01
           Stress_EigVec2 = -4.7608590598E-01  6.7178295122E-01  5.6749438462E-01
           Stress_EigVec3 =  6.7891752348E-02 -6.1531729331E-01  7.8535045586E-01
           -DivStress =  1.5345590456E+00 -1.3605033218E+01  1.7206620486E+01
           ESP =  -8.9808231894E-01     ESP at Nucleus =  -9.0136311440E-01
           ESPe = -4.5421808055E+01     ESPe at Nucleus = -4.5201183951E+01
           ESPn =  4.4523725736E+01     ESPn at Nucleus =  4.4299820837E+01

CP# 8      Coords = -3.70254283763798E+00 -1.03479631299202E+00 -8.54652785305262E+00
           Type = (3,-3) NACP H8
           Rho =  4.0037175763E-01     Rho at Nucleus =  3.9267746132E-01
           GradRho = -2.1626483156E-13 -6.4535043975E-12  9.7117175413E-12
           HessRho_EigVals = -7.8677750696E+00 -7.8524262324E+00 -6.3166667673E+00
           HessRho_EigVec1 = -1.4180867848E-01  8.2888399313E-01  5.4114843125E-01
           HessRho_EigVec2 =  9.8969515277E-01  1.0775989306E-01  9.4293743283E-02
           HessRho_EigVec3 = -1.9844477380E-02 -5.4894365046E-01  8.3562375824E-01
           DelSqRho = -2.2036868069E+01
           Bond Ellipticity = NA
           V = -5.5612767568E+00
           G =  2.6029869766E-02
           K =  5.5352468871E+00
           L =  5.5092170173E+00
           Vnuc =  6.5397957229E+01
           Ven = -2.6183495081E+01
           Vrep =  2.0622218324E+01
           DelSqV =  1.3713025776E+03
           DelSqVen =  1.4411661555E+03
           DelSqVrep = -6.9863577825E+01
           DelSqG =  1.0309013233E+02
           DelSqK = -1.4743927100E+03
           Stress_EigVals = -1.9879425075E+00 -1.9840399346E+00 -1.5892943147E+00
           Stress_EigVec1 =  9.8818308186E-01  1.1733540874E-01  9.8623519431E-02
           Stress_EigVec2 = -1.5227526498E-01  8.2499489221E-01  5.4423861634E-01
           Stress_EigVec3 = -1.7505439281E-02 -5.5282531571E-01  8.3311327555E-01
           -DivStress =  3.7062703934E-01  1.2293388184E+01 -1.8323415922E+01
           ESP =  -8.9509263436E-01     ESP at Nucleus =  -8.9833475722E-01
           ESPe = -4.5060593107E+01     ESPe at Nucleus = -4.4830442073E+01
           ESPn =  4.4165500473E+01     ESPn at Nucleus =  4.3932107316E+01

CP# 9      Coords =  1.85884512353541E+00  4.05844588419167E+00  7.82913963603436E+00
           Type = (3,-3) NACP H9
           Rho =  4.0245081868E-01     Rho at Nucleus =  3.9482305068E-01
           GradRho =  1.8822339520E-12 -2.8421154319E-12 -9.9057567704E-13
           HessRho_EigVals = -7.9222199500E+00 -7.9073752410E+00 -6.3784190384E+00
           HessRho_EigVec1 = -2.7515281920E-02 -3.4902690425E-01  9.3670866835E-01
           HessRho_EigVec2 = -8.4699058393E-01 -4.8953074789E-01 -2.0728385755E-01
           HessRho_EigVec3 = -5.3089533807E-01  7.9908689576E-01  2.8215292490E-01
           DelSqRho = -2.2208014229E+01
           Bond Ellipticity = NA
           V = -5.6037603125E+00
           G =  2.5878377583E-02
           K =  5.5778819349E+00
           L =  5.5520035573E+00
           Vnuc =  6.5438669714E+01
           Ven = -2.6335846200E+01
           Vrep =  2.0732085888E+01
           DelSqV =  1.3838704351E+03
           DelSqVen =  1.4532629082E+03
           DelSqVrep = -6.9392473077E+01
           DelSqG =  1.0411680052E+02
           DelSqK = -1.4879872356E+03
           Stress_EigVals = -2.0017512475E+00 -1.9978391518E+00 -1.6041699133E+00
           Stress_EigVec1 =  8.4819974807E-01  4.9272750949E-01  1.9436251892E-01
           Stress_EigVec2 =  1.9118688775E-02  3.3822648876E-01 -9.4087051077E-01
           Stress_EigVec3 = -5.2933133584E-01  8.0176208672E-01  2.7746331865E-01
           -DivStress = -1.1662374945E+01  1.7713664037E+01  6.0575585633E+00
           ESP =  -8.8774626963E-01     ESP at Nucleus =  -8.9091246817E-01
           ESPe = -4.4915567889E+01     ESPe at Nucleus = -4.4688237895E+01
           ESPn =  4.4027821620E+01     ESPn at Nucleus =  4.3797325427E+01

CP# 10     Coords = -3.37055618180985E+00 -3.66196951685797E+00 -7.49208830090210E+00
           Type = (3,-3) NACP H10
           Rho =  4.0187546902E-01     Rho at Nucleus =  3.9419975740E-01
           GradRho = -5.6725457664E-15  2.8317626022E-14  3.3540878408E-15
           HessRho_EigVals = -7.9069104863E+00 -7.8915710793E+00 -6.3557716531E+00
           HessRho_EigVec1 =  6.2799451244E-04 -2.4293712111E-01  9.7004183457E-01
           HessRho_EigVec2 =  9.7793434186E-01  2.0280220352E-01  5.0156647214E-02
           HessRho_EigVec3 = -2.0891153304E-01  9.4860572496E-01  2.3770391232E-01
           DelSqRho = -2.2154253219E+01
           Bond Ellipticity = NA
           V = -5.5902375819E+00
           G =  2.5837138609E-02
           K =  5.5644004433E+00
           L =  5.5385633047E+00
           Vnuc =  6.5574327823E+01
           Ven = -2.6352713750E+01
           Vrep =  2.0762476168E+01
           DelSqV =  1.3795496420E+03
           DelSqVen =  1.4527502632E+03
           DelSqVrep = -7.3200621197E+01
           DelSqG =  1.0377801489E+02
           DelSqK = -1.4833276569E+03
           Stress_EigVals = -1.9978146448E+00 -1.9938919030E+00 -1.5985310341E+00
           Stress_EigVec1 =  9.7827088077E-01  2.0215029813E-01  4.6058015633E-02
           Stress_EigVec2 =  3.2586075181E-03 -2.3711122939E-01  9.7147704367E-01
           Stress_EigVec3 = -2.0730524672E-01  9.5021761816E-01  2.3261773969E-01
           -DivStress =  4.5732400333E+00 -2.1022129747E+01 -5.0596576034E+00
           ESP =  -8.9290263963E-01     ESP at Nucleus =  -8.9614000277E-01
           ESPe = -4.5151654786E+01     ESPe at Nucleus = -4.4924842781E+01
           ESPn =  4.4258752146E+01     ESPn at Nucleus =  4.4028702778E+01

CP# 11     Coords =  2.41740383493556E-01 -2.94643295156934E+00  8.77750198617835E+00
           Type = (3,-3) NACP H11
           Rho =  4.0163986351E-01     Rho at Nucleus =  3.9394753102E-01
           GradRho =  7.2377156352E-12  2.5052390717E-12 -4.3439002395E-12
           HessRho_EigVals = -7.9008696012E+00 -7.8849382554E+00 -6.3466576726E+00
           HessRho_EigVec1 = -4.2507604724E-01  8.8541909624E-01 -1.8799834594E-01
           HessRho_EigVec2 =  3.8268782952E-01  3.6401810171E-01  8.4914124076E-01
           HessRho_EigVec3 =  8.2028067099E-01  2.8900492321E-01 -4.9357448795E-01
           DelSqRho = -2.2132465529E+01
           Bond Ellipticity = NA
           V = -5.5845320900E+00
           G =  2.5707853880E-02
           K =  5.5588242362E+00
           L =  5.5331163823E+00
           Vnuc =  6.5425936230E+01
           Ven = -2.6277664098E+01
           Vrep =  2.0693132008E+01
           DelSqV =  1.3777868740E+03
           DelSqVen =  1.4480372783E+03
           DelSqVrep = -7.0250404355E+01
           DelSqG =  1.0363682934E+02
           DelSqK = -1.4814237033E+03
           Stress_EigVals = -1.9962879299E+00 -1.9921481894E+00 -1.5960959708E+00
           Stress_EigVec1 =  3.8207466103E-01  3.6782592005E-01  8.4777535111E-01
           Stress_EigVec2 = -4.2241123705E-01  8.8544413072E-01 -1.9379741533E-01
           Stress_EigVec3 =  8.2194142140E-01  2.8406475303E-01 -4.9367956801E-01
