AIMSum (Version 19.10.12, Professional)
Copyright (c) 1997-2019 by Todd A. Keith
AIMSum is a component of the AIMAll package ( http://aim.tkgristmill.com )

TP:  64-bit Linux

Much of the Quantum Theory of Atoms in Molecules (QTAIM) is described in the book:
  "Atoms in Molecules - A Quantum Theory"
  R.F.W. Bader, Oxford University Press, Oxford, 1990

For additional references see:  http://aim.tkgristmill.com/references.html

Wfx File:  /home/vallet/ANL/CeIV-dimer/CeIII-O-CeIV/staggered-structure-Ce-dinuclear/geom-pbe0-cosmo/g16-nlmos/Plots/CeIII-O-CeIV-staggered.nlmos.wfx
Sum File:  /home/vallet/ANL/CeIV-dimer/CeIII-O-CeIV/staggered-structure-Ce-dinuclear/geom-pbe0-cosmo/g16-nlmos/Plots/CeIII-O-CeIV-staggered.nlmos.sum

SumViz File:  /home/vallet/ANL/CeIV-dimer/CeIII-O-CeIV/staggered-structure-Ce-dinuclear/geom-pbe0-cosmo/g16-nlmos/Plots/CeIII-O-CeIV-staggered.nlmos.sumviz

Wfx Title:   CeIII-O-CeIV-staggered.nlmos.chk                                              
 
Specified number of ECP-modeled core electrons in wfx file =     56
Integrated number of ECP-modeled core electrons from EDF data in wfx file =  5.6000000000E+01
 
Total memory allocated for AIMSum =        9.024 Megabytes

Atomic units (a.u.) used throughout, except where stated otherwise

Model:  Unrestricted SCF
 
Unrestricted, single-determinant wavefunction.
  Number of electrons (from MO Occs)                   =         315.0000000000
  Number of Alpha electrons (from MO Occs)             =         158.0000000000
  Number of Beta electrons (from MO Occs)              =         157.0000000000
  Number of electron pairs (N*(N-1)/2)                 =       49455.0000000000
  Number of electron pairs (from Muller 2EDM)          =       49455.0000000000
 
Number of ECP-modeled core electrons based on atomic numbers and nuclear charges
specified in the wavefunction file = 56       
Number of ECP-modeled core electrons specified in the wavefunction file = 56       
 
The wavefunction file contains additional electron density function data to represent
the electron density distribution of ECP-modeled core electrons.  Note that only
"non-core-sensitive" properties that are expressible in terms of the electron density
distribution include contributions from these additional core density distributions.
 
Nuclear Charges and Cartesian Coordinates:
-------------------------------------------------------------------------------
Atom      Charge                X                  Y                  Z
-------------------------------------------------------------------------------
Ce1       58.0           3.9515364852E+00  -2.1645198370E-02  -1.1567981800E-02
Ce2       58.0          -4.1316249413E+00   3.4052213953E-02   6.4521397156E-03
H3         1.0           7.4141256376E+00   2.4591337657E-01  -4.9101759020E+00
H4         1.0          -7.5577720546E+00   1.0954919822E-01   4.9208329812E+00
H5         1.0           8.8263697446E+00   1.6025928415E+00  -2.7529233770E+00
H6         1.0          -8.9980915452E+00  -1.3820301857E+00   2.8810049921E+00
H7         1.0           7.6857061617E+00   3.9920363364E+00   2.4113328248E+00
H8         1.0          -7.7583993694E+00  -4.1122998645E+00  -2.2759742920E+00
H9         1.0           9.0384166132E+00   1.4158822297E+00   2.4560712283E+00
H10        1.0          -9.0980091461E+00  -1.5575362183E+00  -2.6337110109E+00
H11        1.0           7.6414671724E+00  -4.3464892751E+00   1.9481627387E+00
H12        1.0          -7.5864532124E+00   4.4358257028E+00  -2.1050480101E+00
H13        1.0           8.9478146936E+00  -3.0163522028E+00  -2.8698979510E-01
H14        1.0          -9.0091799692E+00   3.1607325676E+00   8.8814786818E-02
N15        7.0          -3.1095907377E+00  -1.3459175755E+00  -5.4622815011E+00
N16        7.0           3.3596184146E+00   1.0992419841E+00   5.5140527172E+00
N17        7.0           3.0565463469E+00   4.1961655905E+00  -3.6855245038E+00
N18        7.0          -3.1768334682E+00  -4.1505048947E+00   3.8493762906E+00
N19        7.0           3.0979086594E+00  -5.3462202299E+00  -1.7593332335E+00
N20        7.0          -2.9456988202E+00   5.4302964030E+00   1.5898377219E+00
O21        8.0           4.1431980157E-01  -2.1061567922E-02   7.8051877888E-02
O22        8.0          -3.7509397077E+00   8.4830811968E-01  -4.8142629359E+00
O23        8.0           3.8444990174E+00  -1.0724220628E+00   4.6641661662E+00
O24        8.0          -2.9437210866E+00  -2.9696657515E+00  -3.7429629379E+00
O25        8.0           3.2048148814E+00   2.8484911465E+00   3.9263806330E+00
O26        8.0          -2.6693445024E+00  -1.8651038672E+00  -7.6553927942E+00
O27        8.0           3.0582006502E+00   1.4630145189E+00   7.7554364600E+00
O28        8.0           7.9036844069E+00   8.3068240986E-02  -3.1630574200E+00
O29        8.0          -8.0125785488E+00   1.2711460279E-01   3.1569858956E+00
O30        8.0           2.8998408217E+00   1.9507878325E+00  -4.4143364084E+00
O31        8.0          -2.8820272886E+00  -1.8755674840E+00   4.4392658940E+00
O32        8.0           3.6765186569E+00   4.5374642192E+00  -1.4101003212E+00
O33        8.0          -3.9116395980E+00  -4.6079104529E+00   1.6361718224E+00
O34        8.0           2.6339254079E+00   5.9614195801E+00  -5.0827820323E+00
O35        8.0          -2.7705703550E+00  -5.8455092409E+00   5.3469438748E+00
O36        8.0           8.0777463503E+00   2.5382409183E+00   1.3855107477E+00
O37        8.0          -8.1361070212E+00  -2.5401453259E+00  -1.4365711689E+00
O38        8.0           3.0229500903E+00  -4.8334115540E+00   5.5005219841E-01
O39        8.0          -2.8241829693E+00   4.8021587975E+00  -6.9109823814E-01
O40        8.0           3.6430171220E+00  -3.5543853910E+00  -3.2318091450E+00
O41        8.0          -3.6268176120E+00   3.7570840347E+00   3.1360913608E+00
O42        8.0           2.6691536117E+00  -7.4522045039E+00  -2.5518339481E+00
O43        8.0          -2.4305230299E+00   7.5580387549E+00   2.2839754839E+00
O44        8.0           8.0518925450E+00  -2.7054030161E+00   1.2719229276E+00
O45        8.0          -8.0264262731E+00   2.8114919081E+00  -1.4076943375E+00
 
Some Atomic Properties:
----------------------
  q(A) = Net Charge of Atom A
  L(A) = Lagrangian of Atom A = -(1/4) Times Atomic Integral of the Laplacian of the Electron Density
  K(A) = Electronic Kinetic Energy of Atom A (Hamiltonian Form)
  K_Scaled(A) = K(A) * E(Mol)/K(Mol) = Approximation to Virial-Based Total Energy of Atom A.
  |Mu_Intra(A)| = Magnitude of Intraatomic Dipole Moment of Atom A
--------------------------------------------------------------------------------------------------
Atom A          q(A)              L(A)              K(A)          K_Scaled(A)      |Mu_Intra(A)|
--------------------------------------------------------------------------------------------------
Ce1       2.5199637580E+00 -2.6695629235E-04  1.7944943453E+02  0.0000000000E+00  3.5765362718E-01
Ce2       2.3239671500E+00 -3.1712656974E-04  1.8407161382E+02  0.0000000000E+00  5.7752032471E-02
H3        6.3498767429E-01  3.8891786433E-05  3.3635922353E-01  0.0000000000E+00  1.3939930793E-01
H4        6.3565176692E-01  3.9568504445E-05  3.3596416761E-01  0.0000000000E+00  1.3922722299E-01
H5        6.3751038290E-01  1.7530559881E-05  3.3398223245E-01  0.0000000000E+00  1.3803671185E-01
H6        6.3651855802E-01  3.4262949001E-05  3.3469283153E-01  0.0000000000E+00  1.3894253038E-01
H7        6.3536649594E-01  4.2335719393E-05  3.3609803370E-01  0.0000000000E+00  1.3922681089E-01
H8        6.3597743197E-01  3.8880743204E-05  3.3572547950E-01  0.0000000000E+00  1.3913759641E-01
H9        6.3659978306E-01  4.7250036473E-05  3.3455163642E-01  0.0000000000E+00  1.3843823243E-01
H10       6.3629195208E-01  3.8654410427E-05  3.3493458052E-01  0.0000000000E+00  1.3913447210E-01
H11       6.3494341239E-01  4.5742821464E-05  3.3636928567E-01  0.0000000000E+00  1.3937493301E-01
H12       6.3516603450E-01  4.1821373074E-05  3.3621034843E-01  0.0000000000E+00  1.3935501128E-01
H13       6.3661305243E-01  5.3429338798E-05  3.3451384719E-01  0.0000000000E+00  1.3828492626E-01
H14       6.3661816796E-01  2.5857911806E-05  3.3454795279E-01  0.0000000000E+00  1.3844689481E-01
N15       9.6168709400E-01 -5.1844984788E-05  5.3878535986E+01  0.0000000000E+00  2.5022773389E-02
N16       9.6554636970E-01  1.3590894143E-04  5.3879552807E+01  0.0000000000E+00  2.8693998275E-02
N17       9.6558765780E-01 -4.0326872791E-05  5.3879383344E+01  0.0000000000E+00  2.5847629964E-02
N18       9.6130983200E-01  1.3884449670E-04  5.3878625172E+01  0.0000000000E+00  2.4453909411E-02
N19       9.6505265970E-01 -3.8747132940E-04  5.3879405226E+01  0.0000000000E+00  2.6580990673E-02
N20       9.6152914270E-01  2.8670942027E-04  5.3878682248E+01  0.0000000000E+00  2.7013879038E-02
O21      -1.0750375432E+00  2.5665059870E-05  7.5319676022E+01  0.0000000000E+00  2.8206996204E-02
O22      -6.3833100600E-01  2.3188634464E-05  7.5161732778E+01  0.0000000000E+00  3.3602341486E-01
O23      -6.3033332810E-01  5.1630440873E-05  7.5162442105E+01  0.0000000000E+00  3.2587392555E-01
O24      -6.3333736090E-01 -2.5375734056E-05  7.5165686197E+01  0.0000000000E+00  3.3418921885E-01
O25      -6.1814000470E-01  3.5842490959E-05  7.5163875825E+01  0.0000000000E+00  3.2545015466E-01
O26      -5.5896012810E-01  2.1347328427E-05  7.5157236317E+01  0.0000000000E+00  3.3879369748E-01
O27      -5.4793973020E-01  1.5249724549E-05  7.5156657274E+01  0.0000000000E+00  3.3267945215E-01
O28      -1.2150796607E+00 -4.5125114136E-05  7.5418585085E+01  0.0000000000E+00  2.6557019943E-01
O29      -1.2179311366E+00  1.9263854038E-05  7.5415813467E+01  0.0000000000E+00  2.6420468645E-01
O30      -6.1713685230E-01  4.9748146329E-05  7.5164823967E+01  0.0000000000E+00  3.2574771750E-01
O31      -6.3272537490E-01  3.6392452904E-05  7.5165084873E+01  0.0000000000E+00  3.3642180153E-01
O32      -6.3104456210E-01  3.1659519025E-05  7.5164588502E+01  0.0000000000E+00  3.2467312344E-01
O33      -6.3939069300E-01  4.8358229392E-05  7.5161802432E+01  0.0000000000E+00  3.3374002514E-01
O34      -5.4821425660E-01  6.7641479366E-06  7.5156406209E+01  0.0000000000E+00  3.3312390371E-01
O35      -5.6133581790E-01  2.1328825740E-05  7.5156960186E+01  0.0000000000E+00  3.4014486942E-01
O36      -1.2132885216E+00 -1.1458350326E-04  7.5417786694E+01  0.0000000000E+00  2.6847886198E-01
O37      -1.2167645802E+00 -4.0070376535E-05  7.5415554203E+01  0.0000000000E+00  2.6669874627E-01
O38      -6.1732447660E-01  5.8319640953E-05  7.5164233909E+01  0.0000000000E+00  3.2574054206E-01
O39      -6.3167566430E-01  1.1530222218E-05  7.5164029828E+01  0.0000000000E+00  3.3470149987E-01
O40      -6.3135539630E-01  9.8369389250E-05  7.5163224120E+01  0.0000000000E+00  3.2623990693E-01
O41      -6.4064509520E-01 -2.9128822368E-06  7.5163316080E+01  0.0000000000E+00  3.3522560229E-01
O42      -5.4800593450E-01  1.3619036401E-05  7.5156411405E+01  0.0000000000E+00  3.3290890082E-01
O43      -5.5934877170E-01  1.6247650165E-05  7.5157126614E+01  0.0000000000E+00  3.3926745385E-01
O44      -1.2146860980E+00 -6.6942011241E-05  7.5415471277E+01  0.0000000000E+00  2.6392175085E-01
O45      -1.2187278240E+00 -4.7848315056E-05  7.5415115357E+01  0.0000000000E+00  2.6103087488E-01
--------------------------------------------------------------------------------------------------
Total    -9.9987144134E-01  2.0362982070E-04  2.5715428235E+03  0.0000000000E+00
 
1st Largest |L(A)| = 3.8747132940E-04, atom N19     
2nd Largest |L(A)| = 3.1712656974E-04, atom Ce2     
 
Molecular charge q(Mol) from the wfx file:  -1.0000000000E+00
Molecular energy E(Mol) from the wfx file:   0.0000000000E+00
Molecular virial ratio (-V(Mol)/T(Mol)) from the wfx file:   1.0000000000E+00
Note.  K_Scaled(A) = (1+V(Mol)/T(Mol))*K(A) = (E(Mol)/T(Mol))*K(A)
       Only use K_Scaled(A) data with caution.
 
N_AIMInt(SumA)     =        370.999871
N_Analytic(Mol)    =        315.000000
 
G_AIMInt(SumA)     =       2571.542620
G_Analytic(Mol)    =       2571.542802
 
K_AIMInt(SumA)     =       2571.542823
K_Analytic(Mol)    =       2571.542802
 
L_AIMInt(SumA)     =          0.000204
L_Analytic(Mol)    =          0.000000
 
VenT_AIMInt(SumA)  =     -19764.878553
VenT_Analytic(Mol) =     -19764.886337
 
Some Information About the Atomic Calculations:
----------------------------------------------
  Time(sec) = "Elapsed User Time", in Seconds, for Atom A by AIMInt and, if used, by TWOe
  NProc = Number of Processors Used for AIMInt Job
  BIM = Basin Integration Method
  OAQ = Angular Quadrature Outside of Beta Sphere
  ORQ = Multiple of Default for Radial Quadrature Outside of Beta Sphere
  IAQ = Multiple of Default for Angular Quadrature Inside of Beta Sphere
  IRQ = Multiple of Default for Radial Quadrature Inside of Beta Sphere
  MIR = Maximum Integration Radius
------------------------------------------------------------------------------------------------------
Atom A     Time(sec)   NProc      BIM          OAQ                     ORQ      IAQ      IRQ      MIR
------------------------------------------------------------------------------------------------------
Ce1          2164        1     Proaim(5)    4500(GS4)                  1.00     1.00     1.00    13.00
Ce2          1610        1     Proaim(5)    4500(GS4)                  1.00     1.00     1.00    13.00
H3            133        1     Proaim(5)    1800(GS4)                  1.00     1.00     1.00    13.00
H4            140        1     Proaim(5)    1800(GS4)                  1.00     1.00     1.00    13.00
H5            125        1     Proaim(5)    1800(GS4)                  1.00     1.00     1.00    13.00
H6            126        1     Proaim(5)    1800(GS4)                  1.00     1.00     1.00    13.00
H7            137        1     Proaim(5)    1800(GS4)                  1.00     1.00     1.00    13.00
H8            140        1     Proaim(5)    1800(GS4)                  1.00     1.00     1.00    13.00
H9            123        1     Proaim(5)    1800(GS4)                  1.00     1.00     1.00    13.00
H10           132        1     Proaim(5)    1800(GS4)                  1.00     1.00     1.00    13.00
H11           136        1     Proaim(5)    1800(GS4)                  1.00     1.00     1.00    13.00
H12           138        1     Proaim(5)    1800(GS4)                  1.00     1.00     1.00    13.00
H13           124        1     Proaim(5)    1800(GS4)                  1.00     1.00     1.00    13.00
H14           126        1     Proaim(5)    1800(GS4)                  1.00     1.00     1.00    13.00
N15           366        1     Proaim(5)    5400(GS5)                  1.00     1.00     1.00    13.00
N16           350        1     Proaim(5)    4500(GS4)                  1.00     1.00     1.00    13.00
N17           376        1     Proaim(5)    4500(GS4)                  1.00     1.00     1.00    13.00
N18           370        1     Proaim(5)    5400(GS5)                  1.00     1.00     1.00    13.00
N19           368        1     Proaim(5)    5400(GS5)                  1.00     1.00     1.00    13.00
N20           374        1     Proaim(5)    5400(GS5)                  1.00     1.00     1.00    13.00
O21           526        1     Proaim(5)    4500(GS4)                  1.00     1.00     1.00    13.00
O22           561        1     Proaim(5)    4500(GS4)                  1.00     1.00     1.00    13.00
O23           593        1     Proaim(5)    4500(GS4)                  1.00     1.00     1.00    13.00
O24           575        1     Proaim(5)    4500(GS4)                  1.00     1.00     1.00    13.00
O25           698        1     Proaim(5)    4500(GS4)                  1.00     1.00     1.00    13.00
O26           396        1     Proaim(5)    2700(GS4)                  1.00     1.00     1.00    13.00
O27           401        1     Proaim(5)    2700(GS4)                  1.00     1.00     1.00    13.00
O28           845        1     Proaim(5)    4500(GS4)                  1.00     1.00     1.00    13.00
O29           704        1     Proaim(5)    4500(GS4)                  1.00     1.00     1.00    13.00
O30           738        1     Proaim(5)    4500(GS4)                  1.00     1.00     1.00    13.00
O31           614        1     Proaim(5)    4500(GS4)                  1.00     1.00     1.00    13.00
O32           563        1     Proaim(5)    4500(GS4)                  1.00     1.00     1.00    13.00
O33           568        1     Proaim(5)    4500(GS4)                  1.00     1.00     1.00    13.00
O34           394        1     Proaim(5)    2700(GS4)                  1.00     1.00     1.00    13.00
O35           398        1     Proaim(5)    2700(GS4)                  1.00     1.00     1.00    13.00
O36           751        1     Proaim(5)    4500(GS4)                  1.00     1.00     1.00    13.00
O37           704        1     Proaim(5)    4500(GS4)                  1.00     1.00     1.00    13.00
O38           700        1     Proaim(5)    4500(GS4)                  1.00     1.00     1.00    13.00
O39           592        1     Proaim(5)    4500(GS4)                  1.00     1.00     1.00    13.00
O40           566        1     Proaim(5)    4500(GS4)                  1.00     1.00     1.00    13.00
O41           568        1     Proaim(5)    4500(GS4)                  1.00     1.00     1.00    13.00
O42           385        1     Proaim(5)    2700(GS4)                  1.00     1.00     1.00    13.00
O43           403        1     Proaim(5)    2700(GS4)                  1.00     1.00     1.00    13.00
O44           740        1     Proaim(5)    4500(GS4)                  1.00     1.00     1.00    13.00
O45           703        1     Proaim(5)    4500(GS4)                  1.00     1.00     1.00    13.00
------------------------------------------------------------------------------------------------------
Total       22244
Note:  Total wall clock time is less than total of atomic times if more than one atom
       was calculated at a time
 
Electron Density Critical Point Analysis of Molecular Structure:               
---------------------------------------------------------------                
  NACP = Nuclear Attractor Critical Point                                      
  NNACP = Non-Nuclear Attractor Critical Point                                 
  BCP = Bond Critical Point                                                    
  RCP = Ring Critical Point                                                    
  CCP = Cage Critical Point                                                    
  Rho = Electron Density                                                       
  GradRho = Gradient of Electron Density                                       
  HessRho_EigVals = Eigenvalues of the Hessian of Rho, Ascending Order         
  HessRho_EigVecs = Eigenvectors of the Hessian of Rho                         
  DelSqRho = Laplacian of Rho = Trace of Hessian of Rho                        
  Bond Ellipticity = (HessRho_EigVal(1) / HessRho_EigVal(2)) - 1               
  V = Virial Field = Potential Energy Density = Trace of Stress Tensor         
  G = Lagrangian Form of Kinetic Energy Density                                
  K = Hamiltonian Form of Kinetic Energy Density                               
  L = K - G = Lagrangian Density = (-1/4)DelSqRho                              
  Vnuc = Electrostatic Potential from Nuclei                                   
  Ven = Electron-nuclear attractive contribution to Virial Field V             
  Vrep = V - Ven = Repulsive contribution to Virial Field V                    
  DelSqV = Laplacian of V                                                      
  DelSqVen = Laplacian of Ven                                                  
  DelSqVrep = Laplacian of Vrep                                                
  DelSqG = Laplacian of G                                                      
  DelSqK = Laplacian of K                                                      
  Stress_EigVals = Eigenvalues of Stress Tensor, Ascending Order               
  Stress_EigVecs = Eigenvectors of Stress Tensor                               
  -DivStress = Ehrenfest Force Density = Minus Divergence of Stress Tensor     
  ESP = Total Electrostatic Potential                                          
  ESPe = Electrostatic Potential from Electrons                                
  ESPn = Electrostatic Potential from Nuclei                                   
  BP = Bond Path                                                               
  BPL = Bond Path Length                                                       
  GBL = Geometric Bond Length                                                  
  GBL_I = Distance Between Nuclear Attractors                                  
  GBL_II = Distance Between Nuclei                                             
  GBL_III = Sum of Distances Between BCP and Nuclear Attractors                
  GBL_IV = Sum of Distances Between BCP and Nuclei                             

CP# 1      Coords =  3.95153648519300E+00 -2.16451983696100E-02 -1.15679818001200E-02
           Type = (3,-3) NACP Ce1
           Rho =  1.0618359209E+06     Rho at Nucleus =  1.0618359209E+06
           GradRho = -5.5589951434E-03  3.6878472632E-05 -9.4842063742E-06
           HessRho_EigVals = -3.2726862913E+13 -3.2726862913E+13 -3.2726862913E+13
           HessRho_EigVec1 =  9.9973956870E-01 -1.8697316710E-03 -2.2744205520E-02
           HessRho_EigVec2 =  1.4760101549E-02 -7.0713603861E-01  7.0692344868E-01
           HessRho_EigVec3 =  1.7405004554E-02  7.0707505047E-01  7.0692428082E-01
           DelSqRho = -9.8180588740E+13
           Bond Ellipticity = NA
           V = -1.6513610259E+03
           G =  3.0904920023E+01
           K =  1.6204561059E+03
           L =  2.4545147185E+13
           Vnuc =  5.8000000444E+09
           Ven = -6.1586483881E+15
           Vrep =  6.1586483881E+15
           DelSqV =  8.6464182999E+08
           DelSqVen =  1.8475945080E+32
           DelSqVrep = -1.8475945080E+32
           DelSqG =  4.8016796136E+07
           DelSqK = -9.1265862613E+08
           Stress_EigVals = -5.5054159135E+02 -5.5041086603E+02 -5.5040856854E+02
           Stress_EigVec1 =  9.9957395435E-01  1.9201245274E-03 -2.9124266579E-02
           Stress_EigVec2 = -1.3627766681E-03  9.9981579507E-01  1.9144680141E-02
           Stress_EigVec3 =  2.9155661915E-02 -1.9096833762E-02  9.9939244460E-01
           -DivStress =  2.0180452735E+02 -1.4572196223E+00 -5.0278948367E+00
           ESP =  -3.7743922841E+02     ESP at Nucleus =  -3.7743922841E+02
           ESPe = -4.2179640648E+02     ESPe at Nucleus = -4.2179640648E+02
           ESPn =  4.4357178065E+01     ESPn at Nucleus =  4.4357178065E+01

CP# 2      Coords = -4.13162494129900E+00  3.40522139526000E-02  6.45213971563000E-03
           Type = (3,-3) NACP Ce2
           Rho =  1.0618359196E+06     Rho at Nucleus =  1.0618359196E+06
           GradRho =  2.0062964291E-03 -4.4518775287E-05  9.5399516028E-06
           HessRho_EigVals = -3.2726862913E+13 -3.2726862913E+13 -3.2726862913E+13
           HessRho_EigVec1 = -2.0354629391E-02 -4.9779872345E-01  8.6705370076E-01
           HessRho_EigVec2 =  5.4064797317E-02  8.6541641618E-01  4.9812791960E-01
           HessRho_EigVec3 =  9.9832994884E-01 -5.7016291787E-02 -9.2981566675E-03
           DelSqRho = -9.8180588740E+13
           Bond Ellipticity = NA
           V = -1.6225982394E+03
           G =  3.0202302117E+01
           K =  1.5923959372E+03
           L =  2.4545147185E+13
           Vnuc =  5.8000000435E+09
           Ven = -6.1586483797E+15
           Vrep =  6.1586483797E+15
           DelSqV =  8.4968050137E+08
           DelSqVen =  1.8475945058E+32
           DelSqVrep = -1.8475945058E+32
           DelSqG =  4.7198864012E+07
           DelSqK = -8.9687936538E+08
           Stress_EigVals = -5.4087244955E+02 -5.4086469787E+02 -5.4086109194E+02
           Stress_EigVec1 =  9.9300587388E-01  7.1675542121E-02  9.3818714061E-02
           Stress_EigVec2 = -1.1571922790E-01  7.4847605814E-01  6.5298748126E-01
           Stress_EigVec3 = -2.3417829563E-02 -6.5927703361E-01  7.5153536059E-01
           -DivStress = -1.7363485502E+01  4.0043011995E-01 -3.6942019702E-02
           ESP =  -3.7764481531E+02     ESP at Nucleus =  -3.7764481531E+02
           ESPe = -4.2109498104E+02     ESPe at Nucleus = -4.2109498104E+02
           ESPn =  4.3450165729E+01     ESPn at Nucleus =  4.3450165729E+01

CP# 3      Coords =  7.42705905579063E+00  2.42840908756745E-01 -4.86564661366420E+00
           Type = (3,-3) NACP H3
           Rho =  4.0507561922E-01     Rho at Nucleus =  3.9746843230E-01
           GradRho =  4.8549810954E-15 -1.5642703773E-15  2.1531932002E-14
           HessRho_EigVals = -7.9757722964E+00 -7.9608318399E+00 -6.4317695108E+00
           HessRho_EigVec1 =  5.0007612222E-01  8.6266834796E-01 -7.5678222922E-02
           HessRho_EigVec2 =  8.2143109550E-01 -5.0020373472E-01 -2.7394740212E-01
           HessRho_EigVec3 =  2.7418028255E-01 -7.4830108982E-02  9.5876255009E-01
           DelSqRho = -2.2368373647E+01
           Bond Ellipticity = NA
           V = -5.6447969649E+00
           G =  2.6351776528E-02
           K =  5.6184451883E+00
           L =  5.5920934118E+00
           Vnuc =  6.5665901150E+01
           Ven = -2.6599655570E+01
           Vrep =  2.0954858605E+01
           DelSqV =  1.3949632467E+03
           DelSqVen =  1.4688394128E+03
           DelSqVrep = -7.3876166143E+01
           DelSqG =  1.0493816641E+02
           DelSqK = -1.4999014131E+03
           Stress_EigVals = -2.0155100954E+00 -2.0114774577E+00 -1.6178094118E+00
           Stress_EigVec1 =  8.2028708118E-01 -5.0280355359E-01 -2.7261271236E-01
           Stress_EigVec2 =  5.0086649086E-01  8.6162467768E-01 -8.2071146833E-02
           Stress_EigVec3 =  2.7615550470E-01 -6.9220671121E-02  9.5861704341E-01
           -DivStress = -6.1509187696E+00  1.4575513244E+00 -2.1181648648E+01
           ESP =  -1.0110974623E+00     ESP at Nucleus =  -1.0146432482E+00
           ESPe = -4.5158286849E+01     ESPe at Nucleus = -4.4960970357E+01
           ESPn =  4.4147189387E+01     ESPn at Nucleus =  4.3946327108E+01

CP# 4      Coords = -7.56984651104041E+00  1.08943040492204E-01  4.87594856513391E+00
           Type = (3,-3) NACP H4
           Rho =  4.0492637224E-01     Rho at Nucleus =  3.9731765551E-01
           GradRho = -8.4208729128E-15 -3.0949906266E-16 -3.4786281115E-14
           HessRho_EigVals = -7.9734857159E+00 -7.9582041993E+00 -6.4291456018E+00
           HessRho_EigVec1 =  5.3538037511E-01  8.3200366195E-01 -1.4538830918E-01
           HessRho_EigVec2 =  8.0505685513E-01 -5.5475129810E-01 -2.1008202506E-01
           HessRho_EigVec3 =  2.5544336741E-01  4.5720615861E-03  9.6681320962E-01
           DelSqRho = -2.2360835517E+01
           Bond Ellipticity = NA
           V = -5.6427943011E+00
           G =  2.6292710912E-02
           K =  5.6165015902E+00
           L =  5.5902088793E+00
           Vnuc =  6.5202413092E+01
           Ven = -2.6402176595E+01
           Vrep =  2.0759382294E+01
           DelSqV =  1.3944482567E+03
           DelSqVen =  1.4579804345E+03
           DelSqVrep = -6.3532177765E+01
           DelSqG =  1.0490505153E+02
           DelSqK = -1.4993533082E+03
           Stress_EigVals = -2.0149456050E+00 -2.0108411445E+00 -1.6170075515E+00
           Stress_EigVec1 =  8.0150310774E-01 -5.6071275846E-01 -2.0783159238E-01
           Stress_EigVec2 =  5.3968804066E-01  8.2794986269E-01 -1.5243307920E-01
           Stress_EigVec3 =  2.5754531070E-01  1.0011361824E-02  9.6621435798E-01
           -DivStress =  5.7403081865E+00  2.9207636413E-01  2.1343700106E+01
           ESP =  -1.0051212864E+00     ESP at Nucleus =  -1.0086756995E+00
           ESPe = -4.4694797994E+01     ESPe at Nucleus = -4.4495119662E+01
           ESPn =  4.3689676707E+01     ESPn at Nucleus =  4.3486443962E+01

CP# 5      Coords =  8.80255080490594E+00  1.56419406091608E+00 -2.76468044253957E+00
           Type = (3,-3) NACP H5
           Rho =  4.0253567708E-01     Rho at Nucleus =  3.9491980916E-01
           GradRho = -3.3633349791E-12 -5.4435155249E-12 -1.6323659557E-12
           HessRho_EigVals = -7.9136674562E+00 -7.8978038086E+00 -6.3729240795E+00
           HessRho_EigVec1 =  6.5407882158E-02 -3.1715522792E-01  9.4611541069E-01
           HessRho_EigVec2 = -8.5821099202E-01  4.6586929616E-01  2.1549870548E-01
           HessRho_EigVec3 =  5.0911266152E-01  8.2606195911E-01  2.4171457875E-01
           DelSqRho = -2.2184395344E+01
           Bond Ellipticity = NA
           V = -5.5990479704E+00
           G =  2.6474567150E-02
           K =  5.5725734032E+00
           L =  5.5460988361E+00
           Vnuc =  6.5311753349E+01
           Ven = -2.6290310856E+01
           Vrep =  2.0691262886E+01
           DelSqV =  1.3823468489E+03
           DelSqVen =  1.4489017569E+03
           DelSqVrep = -6.6554908032E+01
           DelSqG =  1.0389599513E+02
           DelSqK = -1.4862428440E+03
           Stress_EigVals = -1.9997319357E+00 -1.9958097327E+00 -1.6035063019E+00
           Stress_EigVec1 = -8.5612450933E-01  4.5987623695E-01  2.3572159682E-01
           Stress_EigVec2 =  8.0953247658E-02 -3.3116395648E-01  9.4009414721E-01
           Stress_EigVec3 =  5.1038945543E-01  8.2392006932E-01  2.4628910484E-01
           -DivStress =  1.1237966775E+01  1.8111962833E+01  5.5471545194E+00
           ESP =  -9.9386003092E-01     ESP at Nucleus =  -9.9707132468E-01
           ESPe = -4.4888147448E+01     ESPe at Nucleus = -4.4680476262E+01
           ESPn =  4.3894287417E+01     ESPn at Nucleus =  4.3683404938E+01

CP# 6      Coords = -8.97269732140253E+00 -1.34382308650234E+00  2.88928544287634E+00
           Type = (3,-3) NACP H6
           Rho =  4.0337236224E-01     Rho at Nucleus =  3.9575972886E-01
           GradRho =  3.0899678500E-12  4.6730838464E-12  9.8358676753E-13
           HessRho_EigVals = -7.9338858925E+00 -7.9178213051E+00 -6.3921965902E+00
           HessRho_EigVec1 =  4.4739779216E-02 -2.2784120013E-01  9.7266990273E-01
           HessRho_EigVec2 =  8.3808850479E-01 -5.2133775960E-01 -1.6066922092E-01
           HessRho_EigVec3 =  5.4369661604E-01  8.2237176991E-01  1.6762655449E-01
           DelSqRho = -2.2243903788E+01
           Bond Ellipticity = NA
           V = -5.6136869625E+00
           G =  2.6355507774E-02
           K =  5.5873314547E+00
           L =  5.5609759469E+00
           Vnuc =  6.4758480650E+01
           Ven = -2.6121781315E+01
           Vrep =  2.0508094352E+01
           DelSqV =  1.3864005667E+03
           DelSqVen =  1.4404814130E+03
           DelSqVrep = -5.4080846307E+01
           DelSqG =  1.0422696510E+02
           DelSqK = -1.4906275318E+03
           Stress_EigVals = -2.0048714810E+00 -2.0008392067E+00 -1.6079762748E+00
           Stress_EigVec1 =  8.3716521957E-01 -5.2054617726E-01 -1.6788708255E-01
           Stress_EigVec2 =  4.7911921547E-02 -2.3597733114E-01  9.7057670844E-01
           Stress_EigVec3 =  5.4484754099E-01  8.2057685596E-01  1.7261164663E-01
           -DivStress = -1.2013480472E+01 -1.8070143751E+01 -3.9177491221E+00
           ESP =  -9.8772121640E-01     ESP at Nucleus =  -9.9092518966E-01
           ESPe = -4.4295146544E+01     ESPe at Nucleus = -4.4082482621E+01
           ESPn =  4.3307425328E+01     ESPn at Nucleus =  4.3091557431E+01

CP# 7      Coords =  7.69619265602573E+00  3.95443695286631E+00  2.38610014170154E+00
           Type = (3,-3) NACP H7
           Rho =  4.0487315878E-01     Rho at Nucleus =  3.9726697388E-01
           GradRho =  8.0038775595E-13 -2.8755298754E-12 -1.9502194608E-12
           HessRho_EigVals = -7.9719773035E+00 -7.9570311908E+00 -6.4283217409E+00
           HessRho_EigVec1 =  5.3599696638E-01 -3.7124994586E-01  7.5820889584E-01
           HessRho_EigVec2 =  8.1474736076E-01  4.6271547828E-01 -3.4940109372E-01
           HessRho_EigVec3 = -2.2111985475E-01  8.0502662307E-01  5.5048900623E-01
           DelSqRho = -2.2357330235E+01
           Bond Ellipticity = NA
           V = -5.6419510893E+00
           G =  2.6309265262E-02
           K =  5.6156418241E+00
           L =  5.5893325588E+00
           Vnuc =  6.5539657296E+01
           Ven = -2.6535248074E+01
           Vrep =  2.0893296985E+01
           DelSqV =  1.3942334803E+03
           DelSqVen =  1.4652917617E+03
           DelSqVrep = -7.1058281345E+01
           DelSqG =  1.0488639271E+02
           DelSqK = -1.4991198730E+03
           Stress_EigVals = -2.0145238777E+00 -2.0104985689E+00 -1.6169286427E+00
           Stress_EigVec1 =  8.1278410326E-01  4.6329769761E-01 -3.5318160325E-01
           Stress_EigVec2 =  5.3806948313E-01 -3.6463413197E-01  7.5994945959E-01
           Stress_EigVec3 = -2.2330076760E-01  8.0771108275E-01  5.4565517866E-01
           -DivStress = -4.9845563672E+00  1.7878330333E+01  1.1993291539E+01
           ESP =  -1.0090475426E+00     ESP at Nucleus =  -1.0126013884E+00
           ESPe = -4.5033965835E+01     ESPe at Nucleus = -4.4835919824E+01
           ESPn =  4.4024918293E+01     ESPn at Nucleus =  4.3823318436E+01

CP# 8      Coords = -7.76848815813027E+00 -4.07176331051173E+00 -2.25553731682517E+00
           Type = (3,-3) NACP H8
           Rho =  4.0475678857E-01     Rho at Nucleus =  3.9714580350E-01
           GradRho = -1.3830308182E-11  5.5893782560E-11  2.8462724460E-11
           HessRho_EigVals = -7.9692016360E+00 -7.9537459397E+00 -6.4249058100E+00
           HessRho_EigVec1 =  5.3498092912E-01 -2.7967568315E-01  7.9723078073E-01
           HessRho_EigVec2 = -8.1763462187E-01 -4.0902253328E-01  4.0518414627E-01
           HessRho_EigVec3 = -2.1276520063E-01  8.6860927898E-01  4.4749177632E-01
           DelSqRho = -2.2347853386E+01
           Bond Ellipticity = NA
           V = -5.6395106099E+00
           G =  2.6273631751E-02
           K =  5.6132369782E+00
           L =  5.5869633464E+00
           Vnuc =  6.5180595993E+01
           Ven = -2.6382288711E+01
           Vrep =  2.0742778101E+01
           DelSqV =  1.3935214621E+03
           DelSqVen =  1.4566464029E+03
           DelSqVrep = -6.3124940754E+01
           DelSqG =  1.0482821431E+02
           DelSqK = -1.4983496765E+03
           Stress_EigVals = -2.0138583573E+00 -2.0097347430E+00 -1.6159175096E+00
           Stress_EigVec1 =  8.1255965251E-01  4.1065677335E-01 -4.1365181688E-01
           Stress_EigVec2 =  5.4185157914E-01 -2.7064228404E-01  7.9570699398E-01
           Stress_EigVec3 = -2.1481079416E-01  8.7069728872E-01  4.4242802140E-01
           -DivStress =  4.7931628526E+00 -1.9266318001E+01 -9.7091280858E+00
           ESP =  -1.0038432254E+00     ESP at Nucleus =  -1.0074017635E+00
           ESPe = -4.4681130428E+01     ESPe at Nucleus = -4.4480684985E+01
           ESPn =  4.3677287202E+01     ESPn at Nucleus =  4.3473283221E+01

CP# 9      Coords =  9.01373798518932E+00  1.44538121781067E+00  2.42972998852494E+00
           Type = (3,-3) NACP H9
           Rho =  4.0283098896E-01     Rho at Nucleus =  3.9522996442E-01
           GradRho = -4.7357717681E-11  5.6373113985E-11 -5.0925084963E-11
           HessRho_EigVals = -7.9215618433E+00 -7.9057617990E+00 -6.3829144803E+00
           HessRho_EigVec1 = -8.7461474662E-03  6.7110431889E-01  7.4131133680E-01
           HessRho_EigVec2 = -8.4863013202E-01 -3.9710169039E-01  3.4948125345E-01
           HessRho_EigVec3 = -5.2891436351E-01  6.2604252304E-01 -5.7299245669E-01
           DelSqRho = -2.2210238123E+01
           Bond Ellipticity = NA
           V = -5.6053524279E+00
           G =  2.6396448628E-02
           K =  5.5789559793E+00
           L =  5.5525595307E+00
           Vnuc =  6.5150806773E+01
           Ven = -2.6244763924E+01
           Vrep =  2.0639411496E+01
           DelSqV =  1.3842883200E+03
           DelSqVen =  1.4470149324E+03
           DelSqVrep = -6.2726612368E+01
           DelSqG =  1.0405295300E+02
           DelSqK = -1.4883412730E+03
           Stress_EigVals = -2.0017161162E+00 -1.9977679014E+00 -1.6058684103E+00
           Stress_EigVec1 = -8.4789277654E-01 -4.0749181226E-01  3.3915816728E-01
           Stress_EigVec2 =  1.8385601615E-02 -6.6193394846E-01 -7.4933665166E-01
           Stress_EigVec3 = -5.2984885500E-01  6.2912150719E-01 -5.6874099557E-01
           -DivStress =  1.1656895117E+01 -1.3931816783E+01  1.2438096385E+01
           ESP =  -9.9177656322E-01     ESP at Nucleus =  -9.9498710197E-01
           ESPe = -4.4690891302E+01     ESPe at Nucleus = -4.4481491812E+01
           ESPn =  4.3699114738E+01     ESPn at Nucleus =  4.3486504710E+01

CP# 10     Coords = -9.07326238502418E+00 -1.58351913094429E+00 -2.60400534556104E+00
           Type = (3,-3) NACP H10
           Rho =  4.0365556052E-01     Rho at Nucleus =  3.9604650726E-01
           GradRho =  5.1503252772E-11 -5.3805624645E-11  6.2212043256E-11
           HessRho_EigVals = -7.9414417802E+00 -7.9254011998E+00 -6.3997756673E+00
           HessRho_EigVec1 =  5.4010567958E-03 -7.5829452931E-01 -6.5188974176E-01
           HessRho_EigVec2 = -8.4769683283E-01 -3.4927919973E-01  3.9926697867E-01
           HessRho_EigVec3 =  5.3045349297E-01 -5.5044840581E-01  6.4469034764E-01
           DelSqRho = -2.2266618647E+01
           Bond Ellipticity = NA
           V = -5.6192608285E+00
           G =  2.6303083331E-02
           K =  5.5929577451E+00
           L =  5.5666546618E+00
           Vnuc =  6.4583821538E+01
           Ven = -2.6069618684E+01
           Vrep =  2.0450357855E+01
           DelSqV =  1.3879917406E+03
           DelSqVen =  1.4380633250E+03
           DelSqVrep = -5.0071584398E+01
           DelSqG =  1.0436153300E+02
           DelSqK = -1.4923532736E+03
           Stress_EigVals = -2.0067789231E+00 -2.0027198298E+00 -1.6097620756E+00
           Stress_EigVec1 =  8.4707809415E-01  3.5114769375E-01 -3.9894109790E-01
           Stress_EigVec2 = -3.9036168062E-03  7.5472984431E-01  6.5602410313E-01
           Stress_EigVec3 =  5.3145410356E-01 -5.5414633382E-01  6.4068586415E-01
           -DivStress = -1.1719498327E+01  1.2302814883E+01 -1.4062779512E+01
           ESP =  -9.8628112961E-01     ESP at Nucleus =  -9.8948567084E-01
           ESPe = -4.4102868770E+01     ESPe at Nucleus = -4.3886341206E+01
           ESPn =  4.3116587641E+01     ESPn at Nucleus =  4.2896855535E+01

CP# 11     Coords =  7.65237076001177E+00 -4.30515548065590E+00  1.92995528235113E+00
           Type = (3,-3) NACP H11
           Rho =  4.0501275694E-01     Rho at Nucleus =  3.9740872453E-01
           GradRho =  5.0366498244E-10  1.9248948636E-09 -8.3947367427E-10
           HessRho_EigVals = -7.9747292962E+00 -7.9597434676E+00 -6.4313593205E+00
           HessRho_EigVec1 =  4.9962102414E-01 -4.4763276161E-01 -7.4162237221E-01
           HessRho_EigVec2 =  8.3498271799E-01  2.0939902556E-02  5.4987760560E-01
           HessRho_EigVec3 =  2.3061373093E-01  8.9397227654E-01 -3.8422763551E-01
           DelSqRho = -2.2365832084E+01
           Bond Ellipticity = NA
           V = -5.6442096052E+00
           G =  2.6375792050E-02
           K =  5.6178338131E+00
           L =  5.5914580211E+00
           Vnuc =  6.5459427985E+01
           Ven = -2.6511903396E+01
           Vrep =  2.0867693790E+01
           DelSqV =  1.3948477918E+03
           DelSqVen =  1.4640545766E+03
           DelSqVrep = -6.9206784825E+01
           DelSqG =  1.0493105641E+02
           DelSqK = -1.4997788482E+03
           Stress_EigVals = -2.0152642345E+00 -2.0112316448E+00 -1.6177137259E+00
           Stress_EigVec1 =  8.3479054615E-01  2.2434260115E-02  5.5011039622E-01
           Stress_EigVec2 = -4.9905818945E-01  4.5281068818E-01  7.3885276221E-01
           Stress_EigVec3 =  2.3252025203E-01  8.9132439922E-01 -3.8919808292E-01
