AIMSum (Version 19.10.12, Professional)
Copyright (c) 1997-2019 by Todd A. Keith
AIMSum is a component of the AIMAll package ( http://aim.tkgristmill.com )

TP:  64-bit Linux

Much of the Quantum Theory of Atoms in Molecules (QTAIM) is described in the book:
  "Atoms in Molecules - A Quantum Theory"
  R.F.W. Bader, Oxford University Press, Oxford, 1990

For additional references see:  http://aim.tkgristmill.com/references.html

Wfx File:  /home/vallet/ANL/CeIV-dimer/CeIII-OH-CeIV/staggered-structure-Ce-dinuclear/geom-pbe0-cosmo/g16-nlmos/Plots/CeIII-OH-CeIV-staggered.nlmos.wfx
Sum File:  /home/vallet/ANL/CeIV-dimer/CeIII-OH-CeIV/staggered-structure-Ce-dinuclear/geom-pbe0-cosmo/g16-nlmos/Plots/CeIII-OH-CeIV-staggered.nlmos.sum

SumViz File:  /home/vallet/ANL/CeIV-dimer/CeIII-OH-CeIV/staggered-structure-Ce-dinuclear/geom-pbe0-cosmo/g16-nlmos/Plots/CeIII-OH-CeIV-staggered.nlmos.sumviz

Wfx Title:   CeIII-OH-CeIV-staggered.nlmos.chk                                             
 
Specified number of ECP-modeled core electrons in wfx file =     56
Integrated number of ECP-modeled core electrons from EDF data in wfx file =  5.6000000000E+01
 
Total memory allocated for AIMSum =        9.071 Megabytes

Atomic units (a.u.) used throughout, except where stated otherwise

Model:  Unrestricted SCF
 
Unrestricted, single-determinant wavefunction.
  Number of electrons (from MO Occs)                   =         315.0000000000
  Number of Alpha electrons (from MO Occs)             =         158.0000000000
  Number of Beta electrons (from MO Occs)              =         157.0000000000
  Number of electron pairs (N*(N-1)/2)                 =       49455.0000000000
  Number of electron pairs (from Muller 2EDM)          =       49455.0000000000
 
Number of ECP-modeled core electrons based on atomic numbers and nuclear charges
specified in the wavefunction file = 56       
Number of ECP-modeled core electrons specified in the wavefunction file = 56       
 
The wavefunction file contains additional electron density function data to represent
the electron density distribution of ECP-modeled core electrons.  Note that only
"non-core-sensitive" properties that are expressible in terms of the electron density
distribution include contributions from these additional core density distributions.
 
Nuclear Charges and Cartesian Coordinates:
-------------------------------------------------------------------------------
Atom      Charge                X                  Y                  Z
-------------------------------------------------------------------------------
O1         8.0           1.0697189201E+00   2.9165797860E-01  -4.5143543266E-01
Ce2       58.0           3.8735095871E-01  -6.0237128058E-01   4.3052210984E+00
O3         8.0           1.9445487887E-01  -4.1569786201E+00   7.7140175375E+00
O4         8.0           3.6253594982E+00  -4.1910369561E+00   3.3286720474E+00
N5         7.0           5.5075584785E+00  -2.8742162804E+00   2.7426578129E+00
O6         8.0           7.5367443190E+00  -3.8210496453E+00   2.2582416240E+00
O7         8.0           5.1922263624E+00  -5.1337548048E-01   2.6811368615E+00
O8         8.0          -1.8783881868E+00   6.0415208658E-01   8.5610816412E+00
O9         8.0          -2.2201428998E+00   3.5379105616E+00   3.6919887331E+00
N10        7.0          -4.5491493598E-01   5.0676552201E+00   4.1091346874E+00
O11        8.0          -7.7758365419E-01   7.3360313781E+00   4.0011112076E+00
O12        8.0           1.6655927839E+00   4.1396118909E+00   4.6466834832E+00
O13        8.0           3.3789542393E+00   9.5575072739E-02   8.1272888340E+00
O14        8.0          -2.0311750136E+00  -4.5059171425E+00   2.5061671667E+00
N15        7.0          -4.2177516033E+00  -3.7172515735E+00   2.9830039542E+00
O16        8.0          -6.0820674086E+00  -4.9349856305E+00   2.4364253215E+00
O17        8.0          -4.3875814350E+00  -1.6032295533E+00   4.0551906558E+00
Ce18      58.0          -1.8047608114E-01   7.2901552246E-01  -4.2673614482E+00
O19        8.0          -1.3395689466E+00   3.9447045624E+00  -7.6769973288E+00
O20        8.0          -3.2258331728E+00   3.9333630835E+00  -2.8231699648E+00
N21        7.0          -4.7964826679E+00   2.4273223780E+00  -1.8359382288E+00
O22        8.0          -6.7272742735E+00   3.1439596251E+00  -8.8853742601E-01
O23        8.0          -4.1873962269E+00   1.2758343329E-01  -1.9209999085E+00
O24        8.0           1.2309123859E+00  -3.8027374060E-01  -8.7333650271E+00
O25        8.0           2.7047983377E+00  -3.0432708858E+00  -4.3331230048E+00
N26        7.0           9.9328342999E-01  -4.6592946349E+00  -4.0157391415E+00
O27        8.0           1.4251162616E+00  -6.8838431940E+00  -3.8575380592E+00
O28        8.0          -1.2273262822E+00  -3.7877264534E+00  -3.8676172207E+00
O29        8.0          -3.6978913030E+00  -6.6530625425E-01  -7.3146365067E+00
O30        8.0           1.9258527088E+00   4.8994110125E+00  -3.4567196050E+00
N31        7.0           4.0564433150E+00   4.2709003045E+00  -4.2989336015E+00
O32        8.0           5.8202912086E+00   5.6964985673E+00  -4.3611315610E+00
O33        8.0           4.2207221872E+00   2.0147969142E+00  -5.0824598938E+00
H34        1.0           2.8702475517E+00  -1.1594168266E+00  -8.9018644760E+00
H35        1.0          -3.3786309751E+00   1.6221546071E+00   8.3819181077E+00
H36        1.0           3.3288551334E-02  -1.5167708720E+00  -9.5122686979E+00
H37        1.0          -7.4569291686E-01   1.5645268215E+00   9.6187569260E+00
H38        1.0          -4.9487818709E+00  -1.8195148541E+00  -6.6622396042E+00
H39        1.0           4.9251254803E+00   9.8957746292E-01   7.7663344839E+00
H40        1.0          -4.6119794307E+00   7.6514447941E-01  -7.9833442261E+00
H41        1.0           3.8795013145E+00  -1.4960648217E+00   8.8628660046E+00
H42        1.0          -1.3986383113E+00   5.6981802406E+00  -7.1833552548E+00
H43        1.0          -1.0090429601E-01  -5.8481200909E+00   7.1053771619E+00
H44        1.0          -2.1552242395E-01   3.8444592160E+00  -9.1108838095E+00
H45        1.0          -1.1689546052E+00  -3.7861625965E+00   8.8673854322E+00
H46        1.0           2.8979431629E+00   2.9359574110E-01  -2.5990935705E-01
 
Some Atomic Properties:
----------------------
  q(A) = Net Charge of Atom A
  L(A) = Lagrangian of Atom A = -(1/4) Times Atomic Integral of the Laplacian of the Electron Density
  K(A) = Electronic Kinetic Energy of Atom A (Hamiltonian Form)
  K_Scaled(A) = K(A) * E(Mol)/K(Mol) = Approximation to Virial-Based Total Energy of Atom A.
  |Mu_Intra(A)| = Magnitude of Intraatomic Dipole Moment of Atom A
--------------------------------------------------------------------------------------------------
Atom A          q(A)              L(A)              K(A)          K_Scaled(A)      |Mu_Intra(A)|
--------------------------------------------------------------------------------------------------
O1       -1.1972273921E+00  2.6007883724E-05  7.5340754301E+01  0.0000000000E+00  1.9411505217E-01
Ce2       2.3470238200E+00  6.3850994164E-05  1.8404809690E+02  0.0000000000E+00  3.0838296432E-02
O3       -1.2185403304E+00 -1.0462915201E-04  7.5418988525E+01  0.0000000000E+00  2.6311024886E-01
O4       -6.2949599710E-01  4.1528891515E-05  7.5162346557E+01  0.0000000000E+00  3.2883960377E-01
N5        9.6349301400E-01  9.0285759809E-06  5.3877027207E+01  0.0000000000E+00  2.9678089588E-02
O6       -5.4803711720E-01  1.7609973312E-05  7.5158255448E+01  0.0000000000E+00  3.3337073683E-01
O7       -6.4651757850E-01  7.6514173897E-05  7.5163512909E+01  0.0000000000E+00  3.4098842766E-01
O8       -1.2171150253E+00  6.0931037897E-06  7.5416511312E+01  0.0000000000E+00  2.6541633495E-01
O9       -6.3207267230E-01  9.0977159139E-05  7.5164409744E+01  0.0000000000E+00  3.2825947513E-01
N10       9.6262140830E-01  1.5440002963E-07  5.3878701381E+01  0.0000000000E+00  2.7619420388E-02
O11      -5.5465811240E-01  1.9249823185E-05  7.5157937374E+01  0.0000000000E+00  3.3635420956E-01
O12      -6.3728955780E-01  3.5693951634E-05  7.5159066478E+01  0.0000000000E+00  3.3688159260E-01
O13      -1.2162328188E+00  3.0692120540E-05  7.5417666352E+01  0.0000000000E+00  2.6549113419E-01
O14      -6.3355721210E-01 -2.9616631694E-05  7.5163057561E+01  0.0000000000E+00  3.3623188169E-01
N15       9.6287380220E-01 -1.9542006118E-04  5.3878663671E+01  0.0000000000E+00  2.8418156979E-02
O16      -5.5360086130E-01  1.4459540473E-05  7.5157946260E+01  0.0000000000E+00  3.3596977102E-01
O17      -6.3509324170E-01  7.6256341349E-06  7.5164138090E+01  0.0000000000E+00  3.2983900243E-01
Ce18      2.6091144080E+00  1.8443120011E-04  1.7877995432E+02  0.0000000000E+00  1.3202893054E-01
O19      -1.2098878730E+00 -2.9749926527E-05  7.5429872307E+01  0.0000000000E+00  2.6635600400E-01
O20      -6.0847925030E-01  5.0497485243E-05  7.5167074579E+01  0.0000000000E+00  3.0233155359E-01
N21       9.7556831220E-01  2.7114643843E-04  5.3879933317E+01  0.0000000000E+00  3.9883123443E-02
O22      -5.0141869070E-01  1.3781710263E-06  7.5154778886E+01  0.0000000000E+00  3.0875063497E-01
O23      -6.0025730000E-01 -4.9964021799E-05  7.5170356406E+01  0.0000000000E+00  3.0079867319E-01
O24      -1.2101547941E+00 -3.1310433191E-05  7.5431725590E+01  0.0000000000E+00  2.6636954114E-01
O25      -6.0162150230E-01  7.3884238899E-05  7.5168707352E+01  0.0000000000E+00  3.0957982988E-01
N26       9.7459238040E-01  3.1135580447E-04  5.3879935137E+01  0.0000000000E+00  3.4544033829E-02
O27      -5.0915605690E-01  1.1643688847E-05  7.5154209373E+01  0.0000000000E+00  3.1232918316E-01
O28      -6.1127754050E-01  4.2591778992E-05  7.5167560986E+01  0.0000000000E+00  3.0422604123E-01
O29      -1.2100837174E+00  4.2763319158E-05  7.5425868093E+01  0.0000000000E+00  2.6638544058E-01
O30      -6.0130683470E-01  7.0451788163E-05  7.5167159888E+01  0.0000000000E+00  3.0950317115E-01
N31       9.7452033700E-01  2.8782556805E-04  5.3879977827E+01  0.0000000000E+00  3.8569155276E-02
O32      -5.0380746580E-01  1.5316446144E-05  7.5155102191E+01  0.0000000000E+00  3.0882233118E-01
O33      -6.1390541840E-01  2.7075015384E-05  7.5164201794E+01  0.0000000000E+00  3.0690599535E-01
H34       6.4631299685E-01  4.8117157034E-05  3.2934625904E-01  0.0000000000E+00  1.3451710965E-01
H35       6.3703783858E-01  3.1058089076E-05  3.3509546083E-01  0.0000000000E+00  1.3862262688E-01
H36       6.4728278267E-01  4.0015241228E-05  3.2774653961E-01  0.0000000000E+00  1.3423844786E-01
H37       6.3764030884E-01  2.8872115029E-05  3.3410675580E-01  0.0000000000E+00  1.3862321728E-01
H38       6.4577429843E-01  3.7563526049E-05  3.2965312653E-01  0.0000000000E+00  1.3481865590E-01
H39       6.3918646630E-01  4.9318713979E-05  3.3374115616E-01  0.0000000000E+00  1.3763912005E-01
H40       6.4579188625E-01  2.5401890850E-05  3.2885870656E-01  0.0000000000E+00  1.3510641032E-01
H41       6.3941951247E-01  4.1538140202E-05  3.3297522799E-01  0.0000000000E+00  1.3784162527E-01
H42       6.4603471459E-01  3.2702934478E-05  3.2951266046E-01  0.0000000000E+00  1.3473042316E-01
H43       6.3794656606E-01  4.0522175789E-05  3.3455887363E-01  0.0000000000E+00  1.3827772101E-01
H44       6.4630807899E-01  3.6329228250E-05  3.2852745126E-01  0.0000000000E+00  1.3476902470E-01
H45       6.3895827709E-01  4.9858664846E-05  3.3311467089E-01  0.0000000000E+00  1.3774618005E-01
H46       6.2474701552E-01 -1.4816748268E-04  3.3954549676E-01  0.0000000000E+00  1.3517732584E-01
--------------------------------------------------------------------------------------------------
Total     1.4538636400E-03  1.7022873362E-03  2.5712202805E+03  0.0000000000E+00
 
1st Largest |L(A)| = 3.1135580447E-04, atom N26     
2nd Largest |L(A)| = 2.8782556805E-04, atom N31     
 
Molecular charge q(Mol) from the wfx file:   0.0000000000E+00
Molecular energy E(Mol) from the wfx file:   0.0000000000E+00
Molecular virial ratio (-V(Mol)/T(Mol)) from the wfx file:   1.0000000000E+00
Note.  K_Scaled(A) = (1+V(Mol)/T(Mol))*K(A) = (E(Mol)/T(Mol))*K(A)
       Only use K_Scaled(A) data with caution.
 
N_AIMInt(SumA)     =        370.998546
N_Analytic(Mol)    =        315.000000
 
G_AIMInt(SumA)     =       2571.218578
G_Analytic(Mol)    =       2571.220035
 
K_AIMInt(SumA)     =       2571.220281
K_Analytic(Mol)    =       2571.220035
 
L_AIMInt(SumA)     =          0.001702
L_Analytic(Mol)    =          0.000000
 
VenT_AIMInt(SumA)  =     -19761.090440
VenT_Analytic(Mol) =     -19761.156068
 
Some Information About the Atomic Calculations:
----------------------------------------------
  Time(sec) = "Elapsed User Time", in Seconds, for Atom A by AIMInt and, if used, by TWOe
  NProc = Number of Processors Used for AIMInt Job
  BIM = Basin Integration Method
  OAQ = Angular Quadrature Outside of Beta Sphere
  ORQ = Multiple of Default for Radial Quadrature Outside of Beta Sphere
  IAQ = Multiple of Default for Angular Quadrature Inside of Beta Sphere
  IRQ = Multiple of Default for Radial Quadrature Inside of Beta Sphere
  MIR = Maximum Integration Radius
------------------------------------------------------------------------------------------------------
Atom A     Time(sec)   NProc      BIM          OAQ                     ORQ      IAQ      IRQ      MIR
------------------------------------------------------------------------------------------------------
O1           1081        1     Proaim(5)    4500(GS4)                  1.00     1.00     1.00    13.00
Ce2          2014        1     Proaim(5)    4500(GS4)                  1.00     1.00     1.00    13.00
O3            968        1     Proaim(5)    4500(GS4)                  1.00     1.00     1.00    13.00
O4            732        1     Proaim(5)    4500(GS4)                  1.00     1.00     1.00    13.00
N5            564        1     Proaim(5)    4500(GS4)                  1.00     1.00     1.00    13.00
O6            523        1     Proaim(5)    2700(GS4)                  1.00     1.00     1.00    13.00
O7            907        1     Proaim(5)    4500(GS4)                  1.00     1.00     1.00    13.00
O8            945        1     Proaim(5)    4500(GS4)                  1.00     1.00     1.00    13.00
O9            911        1     Proaim(5)    4500(GS4)                  1.00     1.00     1.00    13.00
N10           506        1     Proaim(5)    4500(GS4)                  1.00     1.00     1.00    13.00
O11           540        1     Proaim(5)    2700(GS4)                  1.00     1.00     1.00    13.00
O12           747        1     Proaim(5)    4500(GS4)                  1.00     1.00     1.00    13.00
O13           954        1     Proaim(5)    4500(GS4)                  1.00     1.00     1.00    13.00
O14           815        1     Proaim(5)    4500(GS4)                  1.00     1.00     1.00    13.00
N15           551        1     Proaim(5)    4500(GS4)                  1.00     1.00     1.00    13.00
O16           539        1     Proaim(5)    2700(GS4)                  1.00     1.00     1.00    13.00
O17           838        1     Proaim(5)    4500(GS4)                  1.00     1.00     1.00    13.00
Ce18         2066        1     Proaim(5)    4500(GS4)                  1.00     1.00     1.00    13.00
O19           986        1     Proaim(5)    4500(GS4)                  1.00     1.00     1.00    13.00
O20           725        1     Proaim(5)    4500(GS4)                  1.00     1.00     1.00    13.00
N21           827        1     Proaim(5)    4500(GS4)                  1.00     1.00     1.00    13.00
O22           568        1     Proaim(5)    2700(GS4)                  1.00     1.00     1.00    13.00
O23           798        1     Proaim(5)    4500(GS4)                  1.00     1.00     1.00    13.00
O24           981        1     Proaim(5)    4500(GS4)                  1.00     1.00     1.00    13.00
O25           889        1     Proaim(5)    4500(GS4)                  1.00     1.00     1.00    13.00
N26           554        1     Proaim(5)    4500(GS4)                  1.00     1.00     1.00    13.00
O27           561        1     Proaim(5)    2700(GS4)                  1.00     1.00     1.00    13.00
O28           718        1     Proaim(5)    4500(GS4)                  1.00     1.00     1.00    13.00
O29           890        1     Proaim(5)    4500(GS4)                  1.00     1.00     1.00    13.00
O30           747        1     Proaim(5)    4500(GS4)                  1.00     1.00     1.00    13.00
N31           423        1     Proaim(5)    4500(GS4)                  1.00     1.00     1.00    13.00
O32           512        1     Proaim(5)    2700(GS4)                  1.00     1.00     1.00    13.00
O33           601        1     Proaim(5)    4500(GS4)                  1.00     1.00     1.00    13.00
H34           170        1     Proaim(5)    1800(GS4)                  1.00     1.00     1.00    13.00
H35           175        1     Proaim(5)    1800(GS4)                  1.00     1.00     1.00    13.00
H36           155        1     Proaim(5)    1800(GS4)                  1.00     1.00     1.00    13.00
H37           156        1     Proaim(5)    1800(GS4)                  1.00     1.00     1.00    13.00
H38           168        1     Proaim(5)    1800(GS4)                  1.00     1.00     1.00    13.00
H39           169        1     Proaim(5)    1800(GS4)                  1.00     1.00     1.00    13.00
H40           163        1     Proaim(5)    1800(GS4)                  1.00     1.00     1.00    13.00
H41           159        1     Proaim(5)    1800(GS4)                  1.00     1.00     1.00    13.00
H42           155        1     Proaim(5)    1800(GS4)                  1.00     1.00     1.00    13.00
H43           144        1     Proaim(5)    1800(GS4)                  1.00     1.00     1.00    13.00
H44           134        1     Proaim(5)    1800(GS4)                  1.00     1.00     1.00    13.00
H45           126        1     Proaim(5)    1800(GS4)                  1.00     1.00     1.00    13.00
H46           253        1     Proaim(5)    4500(GS4)                  1.00     1.00     1.00    13.00
------------------------------------------------------------------------------------------------------
Total       29108
Note:  Total wall clock time is less than total of atomic times if more than one atom
       was calculated at a time
 
Electron Density Critical Point Analysis of Molecular Structure:               
---------------------------------------------------------------                
  NACP = Nuclear Attractor Critical Point                                      
  NNACP = Non-Nuclear Attractor Critical Point                                 
  BCP = Bond Critical Point                                                    
  RCP = Ring Critical Point                                                    
  CCP = Cage Critical Point                                                    
  Rho = Electron Density                                                       
  GradRho = Gradient of Electron Density                                       
  HessRho_EigVals = Eigenvalues of the Hessian of Rho, Ascending Order         
  HessRho_EigVecs = Eigenvectors of the Hessian of Rho                         
  DelSqRho = Laplacian of Rho = Trace of Hessian of Rho                        
  Bond Ellipticity = (HessRho_EigVal(1) / HessRho_EigVal(2)) - 1               
  V = Virial Field = Potential Energy Density = Trace of Stress Tensor         
  G = Lagrangian Form of Kinetic Energy Density                                
  K = Hamiltonian Form of Kinetic Energy Density                               
  L = K - G = Lagrangian Density = (-1/4)DelSqRho                              
  Vnuc = Electrostatic Potential from Nuclei                                   
  Ven = Electron-nuclear attractive contribution to Virial Field V             
  Vrep = V - Ven = Repulsive contribution to Virial Field V                    
  DelSqV = Laplacian of V                                                      
  DelSqVen = Laplacian of Ven                                                  
  DelSqVrep = Laplacian of Vrep                                                
  DelSqG = Laplacian of G                                                      
  DelSqK = Laplacian of K                                                      
  Stress_EigVals = Eigenvalues of Stress Tensor, Ascending Order               
  Stress_EigVecs = Eigenvectors of Stress Tensor                               
  -DivStress = Ehrenfest Force Density = Minus Divergence of Stress Tensor     
  ESP = Total Electrostatic Potential                                          
  ESPe = Electrostatic Potential from Electrons                                
  ESPn = Electrostatic Potential from Nuclei                                   
  BP = Bond Path                                                               
  BPL = Bond Path Length                                                       
  GBL = Geometric Bond Length                                                  
  GBL_I = Distance Between Nuclear Attractors                                  
  GBL_II = Distance Between Nuclei                                             
  GBL_III = Sum of Distances Between BCP and Nuclear Attractors                
  GBL_IV = Sum of Distances Between BCP and Nuclei                             

CP# 1      Coords =  1.06972241412533E+00  2.91658039368299E-01 -4.51435777214002E-01
           Type = (3,-3) NACP O1
           Rho =  3.0157268144E+02     Rho at Nucleus =  3.0157267218E+02
           GradRho = -5.9917251987E-11 -2.0802784164E-11  1.2846594163E-11
           HessRho_EigVals = -1.5024156288E+06 -1.5023998116E+06 -1.5023951885E+06
           HessRho_EigVec1 =  9.8496504243E-01  5.0401958886E-03  1.7268022937E-01
           HessRho_EigVec2 = -1.7008048681E-01 -1.4687468974E-01  9.7442313885E-01
           HessRho_EigVec3 = -3.0273638610E-02  9.8914226577E-01  1.4380919604E-01
           DelSqRho = -4.5072106289E+06
           Bond Ellipticity = NA
           V = -1.1269524437E+06
           G =  7.4893235383E+01
           K =  1.1268775505E+06
           L =  1.1268026572E+06
           Vnuc =  2.2783106543E+06
           Ven = -6.8707625318E+08
           Vrep =  6.8594930074E+08
           DelSqV =  2.1962880872E+11
           DelSqVen =  1.0268826001E+13
           DelSqVrep = -1.0049197176E+13
           DelSqG =  5.6154530098E+09
           DelSqK = -2.2524426173E+11
           Stress_EigVals = -3.7565282494E+05 -3.7565178987E+05 -3.7564782889E+05
           Stress_EigVec1 = -2.8510488051E-02  9.8945009981E-01  1.4204102245E-01
           Stress_EigVec2 = -1.3742799836E-01 -1.4462937410E-01  9.7989585641E-01
           Stress_EigVec3 =  9.9010135710E-01  8.4168957050E-03  1.4010160074E-01
           -DivStress = -2.5283543501E+05 -4.3954676212E+03  2.4928829731E+04
           ESP =  -2.2315354899E+01     ESP at Nucleus =  -2.2315355009E+01
           ESPe = -8.4061109323E+01     ESPe at Nucleus = -8.4061114734E+01
           ESPn =  6.1745754424E+01     ESPn at Nucleus =  6.1745759725E+01

CP# 2      Coords =  3.87350958712300E-01 -6.02371280581400E-01  4.30522109836900E+00
           Type = (3,-3) NACP Ce2
           Rho =  1.0618359195E+06     Rho at Nucleus =  1.0618359195E+06
           GradRho = -4.0623002417E-04 -8.5363701713E-05  1.4045649731E-03
           HessRho_EigVals = -3.2726862913E+13 -3.2726862913E+13 -3.2726862913E+13
           HessRho_EigVec1 = -1.6847520835E-01  9.0285352645E-01  3.9556493014E-01
           HessRho_EigVec2 =  9.7560146046E-01  9.5419524171E-02  1.9772937252E-01
           HessRho_EigVec3 = -1.4077604385E-01 -4.1922622078E-01  8.9690104320E-01
           DelSqRho = -9.8180588740E+13
           Bond Ellipticity = NA
           V = -1.6219045365E+03
           G =  3.0202362779E+01
           K =  1.5917021737E+03
           L =  2.4545147185E+13
           Vnuc =  5.8000000428E+09
           Ven = -6.1586483788E+15
           Vrep =  6.1586483788E+15
           DelSqV =  8.4930980854E+08
           DelSqVen =  1.8475945057E+32
           DelSqVrep = -1.8475945057E+32
           DelSqG =  4.7177109085E+07
           DelSqK = -8.9648691763E+08
           Stress_EigVals = -5.4064457780E+02 -5.4063584730E+02 -5.4062411136E+02
           Stress_EigVec1 = -1.4864030512E-01  9.7538189730E-01  1.6289939876E-01
           Stress_EigVec2 =  9.8814157832E-01  1.5291193562E-01 -1.3934171599E-02
           Stress_EigVec3 =  3.8500401107E-02 -1.5889648948E-01  9.8654428423E-01
           -DivStress =  3.4539611633E+00  7.0923813975E-01 -1.4612753687E+01
           ESP =  -3.7750644547E+02     ESP at Nucleus =  -3.7750644547E+02
           ESPe = -4.2031867452E+02     ESPe at Nucleus = -4.2031867452E+02
           ESPn =  4.2812229053E+01     ESPn at Nucleus =  4.2812229053E+01

CP# 3      Coords =  1.94450893636427E-01 -4.15698137282166E+00  7.71401828953273E+00
           Type = (3,-3) NACP O3
           Rho =  3.0126858455E+02     Rho at Nucleus =  3.0126856653E+02
           GradRho = -1.4539168585E-11 -1.5892920423E-10 -5.7942587313E-10
           HessRho_EigVals = -1.5007677796E+06 -1.5007514931E+06 -1.5007321361E+06
           HessRho_EigVec1 = -3.6145668431E-01  7.1090989736E-01  6.0328781125E-01
           HessRho_EigVec2 = -6.8588435121E-01 -6.4103169921E-01  3.4444305389E-01
           HessRho_EigVec3 =  6.3159458684E-01 -2.8928442482E-01  7.1930716626E-01
           DelSqRho = -4.5022514088E+06
           Bond Ellipticity = NA
           V = -1.1257147180E+06
           G =  7.5932899311E+01
           K =  1.1256387851E+06
           L =  1.1255628522E+06
           Vnuc =  1.6321756524E+06
           Ven = -4.9172324856E+08
           Vrep =  4.9059753384E+08
           DelSqV =  2.1938717519E+11
           DelSqVen =  7.3484651110E+12
           DelSqVrep = -7.1290779358E+12
           DelSqG =  5.6087412410E+09
           DelSqK = -2.2499591643E+11
           Stress_EigVals = -3.7524271171E+05 -3.7523751692E+05 -3.7523448938E+05
           Stress_EigVec1 = -6.0700739055E-01  3.1240654287E-01 -7.3071484164E-01
           Stress_EigVec2 =  7.0870113439E-01  6.2882650406E-01 -3.1987486601E-01
           Stress_EigVec3 = -3.5956185830E-01  7.1202484490E-01  6.0310520666E-01
           -DivStress =  2.8806252136E+05  1.9897547903E+05 -5.4360103510E+04
           ESP =  -2.2258272841E+01     ESP at Nucleus =  -2.2258273070E+01
           ESPe = -6.5232228637E+01     ESPe at Nucleus = -6.5232238728E+01
           ESPn =  4.2973955795E+01     ESPn at Nucleus =  4.2973965657E+01

CP# 4      Coords =  3.62536404604072E+00 -4.19103280630222E+00  3.32867061163368E+00
           Type = (3,-3) NACP O4
           Rho =  3.0195932813E+02     Rho at Nucleus =  3.0195929807E+02
           GradRho =  3.0175705037E-10 -3.5766620397E-10 -2.5350930708E-10
           HessRho_EigVals = -1.5045056959E+06 -1.5044781552E+06 -1.5044605550E+06
           HessRho_EigVec1 =  8.2089914848E-01  5.1193218322E-01 -2.5308106964E-01
           HessRho_EigVec2 =  2.5238084006E-01  7.2322341392E-02  9.6492144266E-01
           HessRho_EigVec3 = -5.1227775630E-01  8.5597600359E-01  6.9832525993E-02
           DelSqRho = -4.5134444062E+06
           Bond Ellipticity = NA
           V = -1.1285094914E+06
           G =  7.4194910352E+01
           K =  1.1284352965E+06
           L =  1.1283611016E+06
           Vnuc =  1.2655100737E+06
           Ven = -3.8213257160E+08
           Vrep =  3.8100406211E+08
           DelSqV =  2.1993228761E+11
           DelSqVen =  5.7118093578E+12
           DelSqVrep = -5.4918770712E+12
           DelSqG =  5.6238074298E+09
           DelSqK = -2.2555609504E+11
           Stress_EigVals = -3.7617533811E+05 -3.7617098131E+05 -3.7616317195E+05
           Stress_EigVec1 = -5.2748337765E-01  8.4622495264E-01  7.5263642246E-02
           Stress_EigVec2 =  2.5129051000E-01  7.0782668626E-02  9.6532009893E-01
           Stress_EigVec3 =  8.1155059355E-01  5.2810334534E-01 -2.4998498105E-01
           -DivStress = -3.2952054848E+05 -3.0066868613E+05  1.0402952869E+05
           ESP =  -2.2327593150E+01     ESP at Nucleus =  -2.2327593430E+01
           ESPe = -7.1197848280E+01     ESPe at Nucleus = -7.1197836596E+01
           ESPn =  4.8870255130E+01     ESPn at Nucleus =  4.8870243166E+01

CP# 5      Coords =  5.50755820589239E+00 -2.87421612062533E+00  2.74265788687126E+00
           Type = (3,-3) NACP N5
           Rho =  1.9838562500E+02     Rho at Nucleus =  1.9838562496E+02
           GradRho = -5.7547824859E-10  2.9386075213E-10  2.1137556815E-10
           HessRho_EigVals = -7.3837400107E+05 -7.3837334532E+05 -7.3837252599E+05
           HessRho_EigVec1 =  2.6085210387E-01  1.1612602303E-01  9.5836888862E-01
           HessRho_EigVec2 =  3.3783575540E-01  9.1898488221E-01 -2.0330712887E-01
           HessRho_EigVec3 =  9.0433576855E-01 -3.7680436973E-01 -2.0048761724E-01
           DelSqRho = -2.2151198724E+06
           Bond Ellipticity = NA
           V = -5.5383294201E+05
           G =  2.6486955509E+01
           K =  5.5380645505E+05
           L =  5.5377996810E+05
           Vnuc =  2.1572801768E+07
           Ven = -4.2797337618E+09
           Vrep =  4.2791799289E+09
           DelSqV =  7.8860279524E+10
           DelSqVen =  4.7786359783E+13
           DelSqVrep = -4.7707495310E+13
           DelSqG =  2.0616541753E+09
           DelSqK = -8.0921933699E+10
           Stress_EigVals = -1.8461143177E+05 -1.8461112545E+05 -1.8461038479E+05
           Stress_EigVec1 =  9.0415759297E-01 -3.6999781728E-01 -2.1354311575E-01
           Stress_EigVec2 =  3.4113347440E-01  9.2622137882E-01 -1.6044285607E-01
           Stress_EigVec3 =  2.5715170565E-01  7.2218921537E-02  9.6366873336E-01
           -DivStress =  7.0724400822E+03 -4.1460857254E+03 -1.9171962673E+03
           ESP =  -1.8107369057E+01     ESP at Nucleus =  -1.8107369062E+01
           ESPe = -6.7314824445E+01     ESPe at Nucleus = -6.7314823335E+01
           ESPn =  4.9207455388E+01     ESPn at Nucleus =  4.9207454273E+01

CP# 6      Coords =  7.53673825285777E+00 -3.82104682133857E+00  2.25824307146057E+00
           Type = (3,-3) NACP O6
           Rho =  3.0198056251E+02     Rho at Nucleus =  3.0198052726E+02
           GradRho =  3.1118743876E-10  3.2719872296E-10  2.8817223509E-10
           HessRho_EigVals = -1.5046080304E+06 -1.5045894619E+06 -1.5045609704E+06
           HessRho_EigVec1 =  8.8542540239E-01 -4.1336871751E-01 -2.1248096430E-01
           HessRho_EigVec2 =  2.5947057472E-01  6.0330963902E-02  9.6386471854E-01
           HessRho_EigVec3 =  3.8561234117E-01  9.0856286419E-01 -1.6067558669E-01
           DelSqRho = -4.5137584626E+06
           Bond Ellipticity = NA
           V = -1.1285886474E+06
           G =  7.4515863461E+01
           K =  1.1285141315E+06
           L =  1.1284396157E+06
           Vnuc =  1.1685934046E+06
           Ven = -3.5289249366E+08
           Vrep =  3.5176390502E+08
           DelSqV =  2.1994757447E+11
           DelSqVen =  5.2747483730E+12
           DelSqVrep = -5.0548007975E+12
           DelSqG =  5.6241968477E+09
           DelSqK = -2.2557177132E+11
           Stress_EigVals = -3.7620282498E+05 -3.7619580668E+05 -3.7619001573E+05
           Stress_EigVec1 =  3.8551572162E-01  9.0860881985E-01 -1.6064756725E-01
           Stress_EigVec2 =  2.5927275980E-01  6.0418157692E-02  9.6391248682E-01
           Stress_EigVec3 =  8.8552541714E-01 -4.1325495606E-01 -2.1228536664E-01
           -DivStress =  4.3955019718E+05 -2.0462323152E+05 -1.0488323861E+05
           ESP =  -2.2369988670E+01     ESP at Nucleus =  -2.2369989043E+01
           ESPe = -6.1625420147E+01     ESPe at Nucleus = -6.1625388774E+01
           ESPn =  3.9255431477E+01     ESPn at Nucleus =  3.9255399731E+01

CP# 7      Coords =  5.19222640824323E+00 -5.13381717066504E-01  2.68113708190406E+00
           Type = (3,-3) NACP O7
           Rho =  3.0195607185E+02     Rho at Nucleus =  3.0195604255E+02
           GradRho = -1.4793935705E-10 -2.0654910527E-11 -1.2691597086E-10
           HessRho_EigVals = -1.5044916486E+06 -1.5044632153E+06 -1.5044459706E+06
           HessRho_EigVec1 = -1.8174014755E-01  9.8309063407E-01 -2.2434882838E-02
           HessRho_EigVec2 =  2.4853667524E-01  6.7996186598E-02  9.6623291171E-01
           HessRho_EigVec3 =  9.5142001231E-01  1.7002742075E-01 -2.5669171464E-01
           DelSqRho = -4.5134008346E+06
           Bond Ellipticity = NA
           V = -1.1284985580E+06
           G =  7.4174663378E+01
           K =  1.1284243833E+06
           L =  1.1283502086E+06
           Vnuc =  1.2819676122E+06
           Ven = -3.8709790441E+08
           Vrep =  3.8596940586E+08
           DelSqV =  2.1993017735E+11
           DelSqVen =  5.7860337029E+12
           DelSqVrep = -5.5661035276E+12
           DelSqG =  5.6237584832E+09
           DelSqK = -2.2555393583E+11
           Stress_EigVals = -3.7617169842E+05 -3.7616743651E+05 -3.7615942304E+05
           Stress_EigVec1 =  9.5399947690E-01  1.5275139777E-01 -2.5797675973E-01
           Stress_EigVec2 =  2.5103304055E-01  6.3458517183E-02  9.6589617928E-01
           Stress_EigVec3 = -1.6391281412E-01  9.8622514016E-01 -2.2193744367E-02
           -DivStress = -3.3259329321E+03  4.5186807507E+05 -1.5965111549E+04
           ESP =  -2.2319205782E+01     ESP at Nucleus =  -2.2319206040E+01
           ESPe = -7.2073759418E+01     ESPe at Nucleus = -7.2073750041E+01
           ESPn =  4.9754553636E+01     ESPn at Nucleus =  4.9754544001E+01

CP# 8      Coords = -1.87838882006627E+00  6.04156742032119E-01  8.56108313939221E+00
           Type = (3,-3) NACP O8
           Rho =  3.0127319595E+02     Rho at Nucleus =  3.0127317770E+02
           GradRho = -2.6417385338E-11  4.0954829900E-11 -8.6795569172E-10
           HessRho_EigVals = -1.5007917024E+06 -1.5007753192E+06 -1.5007560011E+06
           HessRho_EigVec1 =  9.0501062931E-01 -2.0609076405E-02  4.2488942892E-01
           HessRho_EigVec2 = -2.1274813924E-01  8.4300736192E-01  4.9404131103E-01
           HessRho_EigVec3 = -3.6836665170E-01 -5.3750707319E-01  7.5854608046E-01
           DelSqRho = -4.5023230228E+06
           Bond Ellipticity = NA
           V = -1.1257325941E+06
           G =  7.5919178592E+01
           K =  1.1256566749E+06
           L =  1.1255807557E+06
           Vnuc =  1.6222916601E+06
           Ven = -4.8875299320E+08
           Vrep =  4.8762726061E+08
           DelSqV =  2.1939065680E+11
           DelSqVen =  7.3040810803E+12
           DelSqVrep = -7.0846904256E+12
           DelSqG =  5.6088336788E+09
           DelSqK = -2.2499949048E+11
           Stress_EigVals = -3.7524867866E+05 -3.7524347814E+05 -3.7524043726E+05
           Stress_EigVec1 = -3.7575674803E-01 -5.0815718598E-01  7.7497299350E-01
           Stress_EigVec2 = -1.9913299184E-01  8.6099506689E-01  4.6801019898E-01
           Stress_EigVec3 =  9.0507067010E-01 -2.1535299627E-02  4.2471556717E-01
           -DivStress =  4.5776118859E+04 -3.3651062255E+05 -1.0829702301E+05
           ESP =  -2.2257514872E+01     ESP at Nucleus =  -2.2257515103E+01
           ESPe = -6.5129578375E+01     ESPe at Nucleus = -6.5129588516E+01
           ESPn =  4.2872063503E+01     ESPn at Nucleus =  4.2872073413E+01

CP# 9      Coords = -2.22013772760847E+00  3.53791400592531E+00  3.69198992788652E+00
           Type = (3,-3) NACP O9
           Rho =  3.0196357958E+02     Rho at Nucleus =  3.0196354946E+02
           GradRho =  1.7862128009E-10 -8.1763078443E-11  1.7677321476E-10
           HessRho_EigVals = -1.5045275208E+06 -1.5044995729E+06 -1.5044825702E+06
           HessRho_EigVec1 =  7.1053078146E-01  6.8301424729E-01  1.6922631768E-01
           HessRho_EigVec2 = -2.4842084660E-01  1.8475504949E-02  9.6847598767E-01
           HessRho_EigVec3 =  6.5835635607E-01 -7.3017134545E-01  1.8280239252E-01
           DelSqRho = -4.5135096639E+06
           Bond Ellipticity = NA
           V = -1.1285258069E+06
           G =  7.4195481811E+01
           K =  1.1284516115E+06
           L =  1.1283774160E+06
           Vnuc =  1.2642904885E+06
           Ven = -3.8176968153E+08
           Vrep =  3.8064115572E+08
           DelSqV =  2.1993546300E+11
           DelSqVen =  5.7063873362E+12
           DelSqVrep = -5.4864518722E+12
           DelSqG =  5.6238910505E+09
           DelSqK = -2.2555935405E+11
           Stress_EigVals = -3.7618071544E+05 -3.7617650606E+05 -3.7616858544E+05
           Stress_EigVec1 =  6.4486558356E-01 -7.4285489417E-01  1.7976369309E-01
           Stress_EigVec2 = -2.4745194456E-01  1.9605670338E-02  9.6870178735E-01
           Stress_EigVec3 =  7.2312925143E-01  6.6916531881E-01  1.7117786604E-01
           -DivStress = -3.7475348590E+05 -2.4956556731E+05 -8.6571870534E+04
           ESP =  -2.2339027607E+01     ESP at Nucleus =  -2.2339027892E+01
           ESPe = -7.3380025072E+01     ESPe at Nucleus = -7.3380017703E+01
           ESPn =  5.1040997465E+01     ESPn at Nucleus =  5.1040989812E+01

CP# 10     Coords = -4.54914879708139E-01  5.06765492209799E+00  4.10913469813870E+00
           Type = (3,-3) NACP N10
           Rho =  1.9838640394E+02     Rho at Nucleus =  1.9838640391E+02
           GradRho =  4.2621490232E-11 -5.6511468951E-10  3.3028340689E-10
           HessRho_EigVals = -7.3837753652E+05 -7.3837683556E+05 -7.3837606933E+05
           HessRho_EigVec1 = -2.4286338189E-01  2.0342930054E-02  9.6984717504E-01
           HessRho_EigVec2 =  9.6411179779E-01  1.1561325094E-01  2.3900212881E-01
           HessRho_EigVec3 = -1.0726518124E-01  9.9308596879E-01 -4.7691083982E-02
           DelSqRho = -2.2151304414E+06
           Bond Ellipticity = NA
           V = -5.5383558159E+05
           G =  2.6485621198E+01
           K =  5.5380909597E+05
           L =  5.5378261035E+05
           Vnuc =  2.3069779320E+07
           Ven = -4.5767305590E+09
           Vrep =  4.5761767234E+09
           DelSqV =  7.8860656855E+10
           DelSqVen =  5.1102561075E+13
           DelSqVrep = -5.1023700418E+13
           DelSqG =  2.0616657741E+09
           DelSqK = -8.0922322629E+10
           Stress_EigVals = -1.8461230441E+05 -1.8461201674E+05 -1.8461126044E+05
           Stress_EigVec1 = -1.1117068568E-01  9.9288574204E-01 -4.2649524050E-02
           Stress_EigVec2 =  9.6411525692E-01  1.1816142384E-01  2.3773861547E-01
           Stress_EigVec3 = -2.4108681012E-01  1.4689491942E-02  9.7039237879E-01
           -DivStress = -1.4609515638E+03  7.7306086663E+03 -2.7849294516E+02
           ESP =  -1.8119818335E+01     ESP at Nucleus =  -1.8119818340E+01
           ESPe = -6.7998575661E+01     ESPe at Nucleus = -6.7998574638E+01
           ESPn =  4.9878757326E+01     ESPn at Nucleus =  4.9878756298E+01

CP# 11     Coords = -7.77582693854554E-01  7.33602462759409E+00  4.00111153111424E+00
           Type = (3,-3) NACP O11
           Rho =  3.0197482393E+02     Rho at Nucleus =  3.0197478888E+02
           GradRho =  1.3605646485E-11 -3.5887427045E-10 -4.3643003926E-10
           HessRho_EigVals = -1.5045796021E+06 -1.5045605683E+06 -1.5045325586E+06
           HessRho_EigVec1 = -1.4087187681E-01  9.8891029729E-01 -4.7026994872E-02
           HessRho_EigVec2 = -2.3932155121E-01  1.2077130950E-02  9.7086525225E-01
           HessRho_EigVec3 =  9.6066659641E-01  1.4802218358E-01  2.3496621825E-01
           DelSqRho = -4.5136727290E+06
           Bond Ellipticity = NA
           V = -1.1285672298E+06
           G =  7.4523769854E+01
           K =  1.1284927060E+06
           L =  1.1284181822E+06
           Vnuc =  1.1720056441E+06
           Ven = -3.5391619802E+08
           Vrep =  3.5278763079E+08
           DelSqV =  2.1994340829E+11
           DelSqVen =  5.2900499108E+12
           DelSqVrep = -5.0701065025E+12
           DelSqG =  5.6240896152E+09
           DelSqK = -2.2556749790E+11
