AIMSum (Version 19.10.12, Professional)
Copyright (c) 1997-2019 by Todd A. Keith
AIMSum is a component of the AIMAll package ( http://aim.tkgristmill.com )

TP:  64-bit Linux

Much of the Quantum Theory of Atoms in Molecules (QTAIM) is described in the book:
  "Atoms in Molecules - A Quantum Theory"
  R.F.W. Bader, Oxford University Press, Oxford, 1990

For additional references see:  http://aim.tkgristmill.com/references.html

Wfx File:  /home/vallet/ANL/CeIV-dimer/CeIV-O-CeIV/staggered-structure-Ce-dinuclear/geom-pbe0-cosmo/g16-nlmos/Plots/CeIV-O-CeIV-staggered.nlmos.wfx
Sum File:  /home/vallet/ANL/CeIV-dimer/CeIV-O-CeIV/staggered-structure-Ce-dinuclear/geom-pbe0-cosmo/g16-nlmos/Plots/CeIV-O-CeIV-staggered.nlmos.sum

SumViz File:  /home/vallet/ANL/CeIV-dimer/CeIV-O-CeIV/staggered-structure-Ce-dinuclear/geom-pbe0-cosmo/g16-nlmos/Plots/CeIV-O-CeIV-staggered.nlmos.sumviz

Wfx Title:   CeIV-O-CeIV-staggered.nlmos.chk                                               
 
Specified number of ECP-modeled core electrons in wfx file =     56
Integrated number of ECP-modeled core electrons from EDF data in wfx file =  5.6000000000E+01
 
Total memory allocated for AIMSum =        5.719 Megabytes

Atomic units (a.u.) used throughout, except where stated otherwise

Model:  Restricted SCF
 
Restricted, closed-shell, single-determinant wavefunction.
  Number of electrons (from MO Occs)                   =         314.0000000000
  Number of Alpha electrons (from MO Occs)             =         157.0000000000
  Number of Beta electrons (from MO Occs)              =         157.0000000000
  Number of electron pairs (N*(N-1)/2)                 =       49141.0000000000
  Number of electron pairs (from Muller 2EDM)          =       49141.0000000000
 
Number of ECP-modeled core electrons based on atomic numbers and nuclear charges
specified in the wavefunction file = 56       
Number of ECP-modeled core electrons specified in the wavefunction file = 56       
 
The wavefunction file contains additional electron density function data to represent
the electron density distribution of ECP-modeled core electrons.  Note that only
"non-core-sensitive" properties that are expressible in terms of the electron density
distribution include contributions from these additional core density distributions.
 
Nuclear Charges and Cartesian Coordinates:
-------------------------------------------------------------------------------
Atom      Charge                X                  Y                  Z
-------------------------------------------------------------------------------
Ce1       58.0          -4.4428030417E-01   4.7398343697E-01  -3.8355969751E+00
Ce2       58.0           4.7412061407E-01  -4.9803483606E-01   3.7774545958E+00
H3         1.0           3.1381439708E+00  -1.3910001560E+00  -8.1478419365E+00
H4         1.0          -3.0777982202E+00   1.7100352804E+00   7.9587714577E+00
H5         1.0           4.0506785541E-01  -1.4586897222E+00  -9.1768164055E+00
H6         1.0          -3.5814999148E-01   1.6732497635E+00   9.0254258140E+00
H7         1.0          -5.0398648170E+00  -1.4018716922E+00  -7.1298100644E+00
H8         1.0           5.0613100235E+00   1.2451196585E+00   7.1350123653E+00
H9         1.0          -4.1241514348E+00   1.1416567698E+00  -8.2310578174E+00
H10        1.0           4.0418845412E+00  -1.2370853561E+00   8.2795089232E+00
H11        1.0          -8.7838737177E-01   5.6921361765E+00  -6.6266676383E+00
H12        1.0           3.7937025599E-01  -5.6451429206E+00   6.6927062435E+00
H13        1.0           4.4330735018E-01   3.8395775345E+00  -8.4547313745E+00
H14        1.0          -7.9687993961E-01  -3.6179461507E+00   8.4393047533E+00
N15        7.0           5.2818616232E+00  -2.7055381655E+00   2.1530062737E+00
N16        7.0          -5.4499673906E+00   1.9353887622E+00  -1.9391158560E+00
N17        7.0           8.0564036314E-01  -4.9186937912E+00  -3.6580248631E+00
N18        7.0          -1.5389471374E-02   5.0085575157E+00   3.5969725679E+00
N19        7.0           3.7478430990E+00   3.9886345632E+00  -2.9539359097E+00
N20        7.0          -4.0970104145E+00  -3.4978945648E+00   2.9303342204E+00
O21        8.0           7.5860482972E-02   3.3559890093E-02  -4.0659819015E-02
O22        8.0           3.3611416297E+00  -4.0121668733E+00   2.7104022354E+00
O23        8.0          -3.7769726419E+00   3.5191103433E+00  -2.5702520677E+00
O24        8.0           5.0141263712E+00  -3.5439193870E-01   2.3448554734E+00
O25        8.0          -4.8660576681E+00  -3.4755602869E-01  -2.2257633417E+00
O26        8.0           7.2323595438E+00  -3.6624893450E+00   1.4810927462E+00
O27        8.0          -7.4673438488E+00   2.5849512102E+00  -1.1111528892E+00
O28        8.0           1.5619287492E+00  -4.7541698144E-01  -8.1638754183E+00
O29        8.0          -1.5553916553E+00   7.1149190894E-01   8.0394219516E+00
O30        8.0           2.5099835178E+00  -3.2692873270E+00  -3.5830727333E+00
O31        8.0          -1.9346510508E+00   3.6151480785E+00   3.5323084216E+00
O32        8.0          -1.4276083695E+00  -4.0890927752E+00  -3.8541085193E+00
O33        8.0           2.0834027041E+00   3.8732770686E+00   3.7365197708E+00
O34        8.0           1.2526923686E+00  -7.1459773427E+00  -3.5456889551E+00
O35        8.0          -1.4847009083E-01   7.2781166476E+00   3.5257907665E+00
O36        8.0          -3.5438897908E+00  -4.5050024372E-01  -7.5533656192E+00
O37        8.0           3.5267928628E+00   3.4310649698E-01   7.5263979660E+00
O38        8.0           1.5164001362E+00   4.6268626783E+00  -2.4703145959E+00
O39        8.0          -1.9465430435E+00  -4.3816938127E+00   2.4519413797E+00
O40        8.0           4.0212103173E+00   1.7966143573E+00  -3.8715991397E+00
O41        8.0          -4.1270765847E+00  -1.2737973468E+00   3.8035299288E+00
O42        8.0           5.5243945306E+00   5.3575403870E+00  -2.5726497172E+00
O43        8.0          -6.0092338713E+00  -4.6789436530E+00   2.5853988203E+00
O44        8.0          -9.1421463902E-01   3.9774022914E+00  -7.2433668326E+00
O45        8.0           5.4049007714E-01  -3.9123099847E+00   7.2333121917E+00
 
Some Atomic Properties:
----------------------
  q(A) = Net Charge of Atom A
  L(A) = Lagrangian of Atom A = -(1/4) Times Atomic Integral of the Laplacian of the Electron Density
  K(A) = Electronic Kinetic Energy of Atom A (Hamiltonian Form)
  K_Scaled(A) = K(A) * E(Mol)/K(Mol) = Approximation to Virial-Based Total Energy of Atom A.
  |Mu_Intra(A)| = Magnitude of Intraatomic Dipole Moment of Atom A
--------------------------------------------------------------------------------------------------
Atom A          q(A)              L(A)              K(A)          K_Scaled(A)      |Mu_Intra(A)|
--------------------------------------------------------------------------------------------------
Ce1       2.5862670910E+00  2.0725197685E-04  1.7889801917E+02  0.0000000000E+00  1.8672016973E-01
Ce2       2.5896430450E+00  4.7888184781E-04  1.7887582838E+02  0.0000000000E+00  1.7252852333E-01
H3        6.4407772449E-01  4.6617395000E-05  3.3064285249E-01  0.0000000000E+00  1.3544634596E-01
H4        6.4331873660E-01  3.3312778213E-05  3.3123474968E-01  0.0000000000E+00  1.3582759745E-01
H5        6.4536174638E-01  4.2300299284E-05  3.2901471285E-01  0.0000000000E+00  1.3497846099E-01
H6        6.4442300723E-01  2.0302213258E-05  3.2959323428E-01  0.0000000000E+00  1.3545620574E-01
H7        6.4234915306E-01  3.4636433390E-05  3.3175608068E-01  0.0000000000E+00  1.3613514039E-01
H8        6.4279047638E-01  4.6033519322E-05  3.3156190973E-01  0.0000000000E+00  1.3606702143E-01
H9        6.4388593379E-01  3.0739618913E-05  3.2992527664E-01  0.0000000000E+00  1.3561748350E-01
H10       6.4314092560E-01  3.9498166127E-05  3.3045808468E-01  0.0000000000E+00  1.3613188798E-01
H11       6.4307167403E-01  3.5857719078E-05  3.3135227174E-01  0.0000000000E+00  1.3587107955E-01
H12       6.4398521445E-01  3.9650384471E-05  3.3079196892E-01  0.0000000000E+00  1.3561606413E-01
H13       6.4383784577E-01  4.5203119597E-05  3.3005743713E-01  0.0000000000E+00  1.3575772801E-01
H14       6.4482035050E-01  4.0603051100E-05  3.2939657697E-01  0.0000000000E+00  1.3536797416E-01
N15       9.7251731020E-01  8.5468946362E-05  5.3880167701E+01  0.0000000000E+00  3.5019962135E-02
N16       9.7208531030E-01  3.0656529754E-04  5.3880266372E+01  0.0000000000E+00  3.4671269311E-02
N17       9.7189828030E-01 -2.1447378580E-04  5.3880427891E+01  0.0000000000E+00  3.5232714843E-02
N18       9.7227493160E-01  8.1101079340E-06  5.3880190060E+01  0.0000000000E+00  3.4744456947E-02
N19       9.7212863690E-01 -5.6862292300E-05  5.3880198819E+01  0.0000000000E+00  3.4097809693E-02
N20       9.7231514930E-01 -2.0422166200E-04  5.3880403980E+01  0.0000000000E+00  3.6200259021E-02
O21      -1.0469666466E+00 -3.3480179428E-06  7.5313413485E+01  0.0000000000E+00  7.0594553328E-03
O22      -6.1506563420E-01  7.0350584437E-05  7.5166686958E+01  0.0000000000E+00  3.0791258910E-01
O23      -6.1665537510E-01  5.6365007011E-05  7.5163262772E+01  0.0000000000E+00  3.1278618424E-01
O24      -6.0481224860E-01  5.0654776613E-05  7.5167991703E+01  0.0000000000E+00  3.0980700433E-01
O25      -6.0335573820E-01  9.9667139292E-06  7.5167660065E+01  0.0000000000E+00  3.0819355755E-01
O26      -5.1564418490E-01  1.7928813779E-05  7.5155281456E+01  0.0000000000E+00  3.1564920109E-01
O27      -5.1795031890E-01  2.3130826374E-05  7.5155039990E+01  0.0000000000E+00  3.1726316365E-01
O28      -1.2119870067E+00 -1.5255286867E-04  7.5426395979E+01  0.0000000000E+00  2.6666933944E-01
O29      -1.2108179232E+00 -5.3975042068E-05  7.5428976044E+01  0.0000000000E+00  2.6779758417E-01
O30      -6.0264261360E-01 -9.6881339606E-06  7.5168022305E+01  0.0000000000E+00  3.0784360254E-01
O31      -6.0297612110E-01  4.9395380174E-05  7.5168929183E+01  0.0000000000E+00  3.0850997654E-01
O32      -6.1715172350E-01  5.7224827898E-05  7.5164183370E+01  0.0000000000E+00  3.1244062718E-01
O33      -6.1642620690E-01  1.0022297167E-05  7.5168089243E+01  0.0000000000E+00  3.0913925757E-01
O34      -5.1626072470E-01  1.5820193453E-05  7.5155049133E+01  0.0000000000E+00  3.1621333488E-01
O35      -5.1650211360E-01  1.9983835529E-05  7.5155216565E+01  0.0000000000E+00  3.1636667809E-01
O36      -1.2121678155E+00 -6.6628233545E-05  7.5420350112E+01  0.0000000000E+00  2.6593906776E-01
O37      -1.2105675359E+00 -5.6071932934E-05  7.5423536974E+01  0.0000000000E+00  2.6728622080E-01
O38      -6.0134003020E-01 -9.2872587671E-05  7.5168426366E+01  0.0000000000E+00  3.0817297922E-01
O39      -6.0396300650E-01 -7.0811739018E-06  7.5169076243E+01  0.0000000000E+00  3.0846519067E-01
O40      -6.1806372900E-01  1.4898205595E-04  7.5166330941E+01  0.0000000000E+00  3.0957502213E-01
O41      -6.1583801840E-01  1.0547820541E-05  7.5167374510E+01  0.0000000000E+00  3.0867255966E-01
O42      -5.1704110010E-01  1.5432688020E-05  7.5154954215E+01  0.0000000000E+00  3.1671713869E-01
O43      -5.1601706580E-01  1.6508773834E-05  7.5155570623E+01  0.0000000000E+00  3.1610214448E-01
O44      -1.2117642920E+00 -1.6201390324E-04  7.5423202192E+01  0.0000000000E+00  2.6538835410E-01
O45      -1.2113432115E+00  4.3357975128E-06  7.5428080292E+01  0.0000000000E+00  2.6568439410E-01
--------------------------------------------------------------------------------------------------
Total     8.7215818001E-04  1.0378936324E-03  2.5658223882E+03  0.0000000000E+00
 
1st Largest |L(A)| = 4.7888184781E-04, atom Ce2     
2nd Largest |L(A)| = 3.0656529754E-04, atom N16     
 
Molecular charge q(Mol) from the wfx file:   0.0000000000E+00
Molecular energy E(Mol) from the wfx file:   0.0000000000E+00
Molecular virial ratio (-V(Mol)/T(Mol)) from the wfx file:   1.0000000000E+00
Note.  K_Scaled(A) = (1+V(Mol)/T(Mol))*K(A) = (E(Mol)/T(Mol))*K(A)
       Only use K_Scaled(A) data with caution.
 
N_AIMInt(SumA)     =        369.999128
N_Analytic(Mol)    =        314.000000
 
G_AIMInt(SumA)     =       2565.821350
G_Analytic(Mol)    =       2565.822262
 
K_AIMInt(SumA)     =       2565.822388
K_Analytic(Mol)    =       2565.822262
 
L_AIMInt(SumA)     =          0.001038
L_Analytic(Mol)    =          0.000000
 
VenT_AIMInt(SumA)  =     -20124.645422
VenT_Analytic(Mol) =     -20124.689439
 
Some Information About the Atomic Calculations:
----------------------------------------------
  Time(sec) = "Elapsed User Time", in Seconds, for Atom A by AIMInt and, if used, by TWOe
  NProc = Number of Processors Used for AIMInt Job
  BIM = Basin Integration Method
  OAQ = Angular Quadrature Outside of Beta Sphere
  ORQ = Multiple of Default for Radial Quadrature Outside of Beta Sphere
  IAQ = Multiple of Default for Angular Quadrature Inside of Beta Sphere
  IRQ = Multiple of Default for Radial Quadrature Inside of Beta Sphere
  MIR = Maximum Integration Radius
------------------------------------------------------------------------------------------------------
Atom A     Time(sec)   NProc      BIM          OAQ                     ORQ      IAQ      IRQ      MIR
------------------------------------------------------------------------------------------------------
Ce1          1152        1     Proaim(5)    4500(GS4)                  1.00     1.00     1.00    13.00
Ce2          1077        1     Proaim(5)    5400(GS5)                  1.00     1.00     1.00    13.00
H3            114        1     Proaim(5)    1800(GS4)                  1.00     1.00     1.00    13.00
H4            108        1     Proaim(5)    1800(GS4)                  1.00     1.00     1.00    13.00
H5            105        1     Proaim(5)    1800(GS4)                  1.00     1.00     1.00    13.00
H6            102        1     Proaim(5)    1800(GS4)                  1.00     1.00     1.00    13.00
H7            112        1     Proaim(5)    1800(GS4)                  1.00     1.00     1.00    13.00
H8            109        1     Proaim(5)    1800(GS4)                  1.00     1.00     1.00    13.00
H9            105        1     Proaim(5)    1800(GS4)                  1.00     1.00     1.00    13.00
H10           109        1     Proaim(5)    1800(GS4)                  1.00     1.00     1.00    13.00
H11           114        1     Proaim(5)    1800(GS4)                  1.00     1.00     1.00    13.00
H12           110        1     Proaim(5)    1800(GS4)                  1.00     1.00     1.00    13.00
H13           102        1     Proaim(5)    1800(GS4)                  1.00     1.00     1.00    13.00
H14           102        1     Proaim(5)    1800(GS4)                  1.00     1.00     1.00    13.00
N15           253        1     Proaim(5)    4500(GS4)                  1.00     1.00     1.00    13.00
N16           252        1     Proaim(5)    4500(GS4)                  1.00     1.00     1.00    13.00
N17           245        1     Proaim(5)    4500(GS4)                  1.00     1.00     1.00    13.00
N18           270        1     Proaim(5)    4500(GS4)                  1.00     1.00     1.00    13.00
N19           250        1     Proaim(5)    4500(GS4)                  1.00     1.00     1.00    13.00
N20           263        1     Proaim(5)    4500(GS4)                  1.00     1.00     1.00    13.00
O21           379        1     Proaim(5)    4500(GS4)                  1.00     1.00     1.00    13.00
O22           425        1     Proaim(5)    4500(GS4)                  1.00     1.00     1.00    13.00
O23           408        1     Proaim(5)    4500(GS4)                  1.00     1.00     1.00    13.00
O24          2238        1    Promega(1)    4500(GS4)                  1.00     1.00     1.00    13.00
O25           427        1     Proaim(5)    4500(GS4)                  1.00     1.00     1.00    13.00
O26           330        1     Proaim(5)    2700(GS4)                  1.00     1.00     1.00    13.00
O27           337        1     Proaim(5)    2700(GS4)                  1.00     1.00     1.00    13.00
O28           571        1     Proaim(5)    4500(GS4)                  1.00     1.00     1.00    13.00
O29           576        1     Proaim(5)    4500(GS4)                  1.00     1.00     1.00    13.00
O30           412        1     Proaim(5)    4500(GS4)                  1.00     1.00     1.00    13.00
O31           428        1     Proaim(5)    4500(GS4)                  1.00     1.00     1.00    13.00
O32           400        1     Proaim(5)    4500(GS4)                  1.00     1.00     1.00    13.00
O33           445        1     Proaim(5)    4500(GS4)                  1.00     1.00     1.00    13.00
O34           339        1     Proaim(5)    2700(GS4)                  1.00     1.00     1.00    13.00
O35           330        1     Proaim(5)    2700(GS4)                  1.00     1.00     1.00    13.00
O36           548        1     Proaim(5)    4500(GS4)                  1.00     1.00     1.00    13.00
O37           578        1     Proaim(5)    4500(GS4)                  1.00     1.00     1.00    13.00
O38           426        1     Proaim(5)    4500(GS4)                  1.00     1.00     1.00    13.00
O39           400        1     Proaim(5)    4500(GS4)                  1.00     1.00     1.00    13.00
O40          2259        1    Promega(1)    4500(GS4)                  1.00     1.00     1.00    13.00
O41           451        1     Proaim(5)    4500(GS4)                  1.00     1.00     1.00    13.00
O42           333        1     Proaim(5)    2700(GS4)                  1.00     1.00     1.00    13.00
O43           329        1     Proaim(5)    2700(GS4)                  1.00     1.00     1.00    13.00
O44           551        1     Proaim(5)    4500(GS4)                  1.00     1.00     1.00    13.00
O45           573        1     Proaim(5)    4500(GS4)                  1.00     1.00     1.00    13.00
------------------------------------------------------------------------------------------------------
Total       19547
Note:  Total wall clock time is less than total of atomic times if more than one atom
       was calculated at a time
 
Electron Density Critical Point Analysis of Molecular Structure:               
---------------------------------------------------------------                
  NACP = Nuclear Attractor Critical Point                                      
  NNACP = Non-Nuclear Attractor Critical Point                                 
  BCP = Bond Critical Point                                                    
  RCP = Ring Critical Point                                                    
  CCP = Cage Critical Point                                                    
  Rho = Electron Density                                                       
  GradRho = Gradient of Electron Density                                       
  HessRho_EigVals = Eigenvalues of the Hessian of Rho, Ascending Order         
  HessRho_EigVecs = Eigenvectors of the Hessian of Rho                         
  DelSqRho = Laplacian of Rho = Trace of Hessian of Rho                        
  Bond Ellipticity = (HessRho_EigVal(1) / HessRho_EigVal(2)) - 1               
  V = Virial Field = Potential Energy Density = Trace of Stress Tensor         
  G = Lagrangian Form of Kinetic Energy Density                                
  K = Hamiltonian Form of Kinetic Energy Density                               
  L = K - G = Lagrangian Density = (-1/4)DelSqRho                              
  Vnuc = Electrostatic Potential from Nuclei                                   
  Ven = Electron-nuclear attractive contribution to Virial Field V             
  Vrep = V - Ven = Repulsive contribution to Virial Field V                    
  DelSqV = Laplacian of V                                                      
  DelSqVen = Laplacian of Ven                                                  
  DelSqVrep = Laplacian of Vrep                                                
  DelSqG = Laplacian of G                                                      
  DelSqK = Laplacian of K                                                      
  Stress_EigVals = Eigenvalues of Stress Tensor, Ascending Order               
  Stress_EigVecs = Eigenvectors of Stress Tensor                               
  -DivStress = Ehrenfest Force Density = Minus Divergence of Stress Tensor     
  ESP = Total Electrostatic Potential                                          
  ESPe = Electrostatic Potential from Electrons                                
  ESPn = Electrostatic Potential from Nuclei                                   
  BP = Bond Path                                                               
  BPL = Bond Path Length                                                       
  GBL = Geometric Bond Length                                                  
  GBL_I = Distance Between Nuclear Attractors                                  
  GBL_II = Distance Between Nuclei                                             
  GBL_III = Sum of Distances Between BCP and Nuclear Attractors                
  GBL_IV = Sum of Distances Between BCP and Nuclei                             

CP# 1      Coords = -4.44280304171600E-01  4.73983436965100E-01 -3.83559697510400E+00
           Type = (3,-3) NACP Ce1
           Rho =  1.0618359210E+06     Rho at Nucleus =  1.0618359210E+06
           GradRho =  4.4969961128E-04  5.8772556408E-06 -9.6702025161E-04
           HessRho_EigVals = -3.2726862913E+13 -3.2726862913E+13 -3.2726862913E+13
           HessRho_EigVec1 =  1.4863661755E-01 -1.1136186878E-01  9.8260149100E-01
           HessRho_EigVec2 =  6.2250495859E-01  7.8259673338E-01 -5.4707801394E-03
           HessRho_EigVec3 = -7.6837148077E-01  6.1248745872E-01  1.8564584686E-01
           DelSqRho = -9.8180588740E+13
           Bond Ellipticity = NA
           V = -1.6537444267E+03
           G =  3.1085934554E+01
           K =  1.6226584921E+03
           L =  2.4545147185E+13
           Vnuc =  5.8000000455E+09
           Ven = -6.1586483899E+15
           Vrep =  6.1586483899E+15
           DelSqV =  8.6581322844E+08
           DelSqVen =  1.8475945082E+32
           DelSqVrep = -1.8475945082E+32
           DelSqG =  4.8074381993E+07
           DelSqK = -9.1388761044E+08
           Stress_EigVals = -5.5129808681E+02 -5.5122474211E+02 -5.5122159776E+02
           Stress_EigVec1 =  1.1237736415E-01 -1.1248492309E-01  9.8727831441E-01
           Stress_EigVec2 =  9.9316086208E-01 -1.8949629709E-02 -1.1520596152E-01
           Stress_EigVec3 =  3.1667492199E-02  9.9347272414E-01  1.0958611375E-01
           -DivStress = -2.2441570038E+01  1.7945889142E+01 -1.3419691385E+02
           ESP =  -3.7726651549E+02     ESP at Nucleus =  -3.7726651549E+02
           ESPe = -4.2274538473E+02     ESPe at Nucleus = -4.2274538473E+02
           ESPn =  4.5478869236E+01     ESPn at Nucleus =  4.5478869236E+01

CP# 2      Coords =  4.74120614072400E-01 -4.98034836056800E-01  3.77745459582400E+00
           Type = (3,-3) NACP Ce2
           Rho =  1.0618359210E+06     Rho at Nucleus =  1.0618359210E+06
           GradRho =  3.8309884524E-04 -7.4548815038E-05  1.7384339721E-03
           HessRho_EigVals = -3.2726862913E+13 -3.2726862913E+13 -3.2726862913E+13
           HessRho_EigVec1 =  1.1434610318E-01 -1.2684608667E-01  9.8530961580E-01
           HessRho_EigVec2 =  5.9793160000E-01  8.0083807753E-01  3.3707199471E-02
           HessRho_EigVec3 =  7.9334908483E-01 -5.8529346816E-01 -1.6741799700E-01
           DelSqRho = -9.8180588740E+13
           Bond Ellipticity = NA
           V = -1.6539810686E+03
           G =  3.1095047446E+01
           K =  1.6228860212E+03
           L =  2.4545147185E+13
           Vnuc =  5.8000000456E+09
           Ven = -6.1586483901E+15
           Vrep =  6.1586483901E+15
           DelSqV =  8.6593468406E+08
           DelSqVen =  1.8475945082E+32
           DelSqVrep = -1.8475945082E+32
           DelSqG =  4.8081218736E+07
           DelSqK = -9.1401590280E+08
           Stress_EigVals = -5.5137365672E+02 -5.5130462268E+02 -5.5130278925E+02
           Stress_EigVec1 =  7.7398823010E-02 -1.6937223629E-01  9.8250825328E-01
           Stress_EigVec2 =  4.5304054790E-01  8.8382246453E-01  1.1667096101E-01
           Stress_EigVec3 =  8.8812368742E-01 -4.3608588232E-01 -1.4513930923E-01
           -DivStress =  1.4123843466E+01 -1.7201295751E+01  1.2640812914E+02
           ESP =  -3.7726605808E+02     ESP at Nucleus =  -3.7726605808E+02
           ESPe = -4.2288225049E+02     ESPe at Nucleus = -4.2288225049E+02
           ESPn =  4.5616192411E+01     ESPn at Nucleus =  4.5616192411E+01

CP# 3      Coords =  3.09712083454475E+00 -1.36833066631343E+00 -8.14870038516955E+00
           Type = (3,-3) NACP H3
           Rho =  4.0233093386E-01     Rho at Nucleus =  3.9465490552E-01
           GradRho = -7.2688253767E-10  4.0486385858E-10 -1.3912855243E-11
           HessRho_EigVals = -7.9192270283E+00 -7.9042453753E+00 -6.3667431851E+00
           HessRho_EigVec1 =  3.6803324207E-01  6.7209787490E-01  6.4252313521E-01
           HessRho_EigVec2 =  3.2454337698E-01  5.5470968009E-01 -7.6613886944E-01
           HessRho_EigVec3 =  8.7133410882E-01 -4.9049120009E-01  1.3973312011E-02
           DelSqRho = -2.2190215589E+01
           Bond Ellipticity = NA
           V = -5.5991089306E+00
           G =  2.5777516715E-02
           K =  5.5733314139E+00
           L =  5.5475538972E+00
           Vnuc =  6.5935529850E+01
           Ven = -2.6527903299E+01
           Vrep =  2.0928794368E+01
           DelSqV =  1.3819984701E+03
           DelSqVen =  1.4631236231E+03
           DelSqVrep = -8.1125152982E+01
           DelSqG =  1.0399122325E+02
           DelSqK = -1.4859896933E+03
           Stress_EigVals = -2.0009358279E+00 -1.9969306441E+00 -1.6012424586E+00
           Stress_EigVec1 = -3.2595207464E-01 -5.6051385938E-01  7.6130116149E-01
           Stress_EigVec2 =  3.6092161731E-01  6.7050664027E-01  6.4819474813E-01
           Stress_EigVec3 =  8.7377962393E-01 -4.8605046939E-01  1.6251461805E-02
           -DivStress =  1.9359598721E+01 -1.0693422051E+01  4.0383543409E-01
           ESP =  -8.9724259871E-01     ESP at Nucleus =  -9.0089729732E-01
           ESPe = -4.5500772920E+01     ESPe at Nucleus = -4.5287986363E+01
           ESPn =  4.4603530321E+01     ESPn at Nucleus =  4.4387089065E+01

CP# 4      Coords = -3.03812334355229E+00  1.68522578457347E+00  7.96126546436597E+00
           Type = (3,-3) NACP H4
           Rho =  4.0282876760E-01     Rho at Nucleus =  3.9514890842E-01
           GradRho =  1.2708353467E-11 -8.0162092242E-12  7.7440658053E-13
           HessRho_EigVals = -7.9291931743E+00 -7.9142750492E+00 -6.3753732183E+00
           HessRho_EigVec1 =  3.9604964879E-01  6.7882628381E-01  6.1833611580E-01
           HessRho_EigVec2 = -3.6488371542E-01 -5.0160116546E-01  7.8438265218E-01
           HessRho_EigVec3 =  8.4261767719E-01 -5.3627525322E-01  4.9033691152E-02
           DelSqRho = -2.2218841442E+01
           Bond Ellipticity = NA
           V = -5.6063264731E+00
           G =  2.5808056355E-02
           K =  5.5805184168E+00
           L =  5.5547103604E+00
           Vnuc =  6.6219481507E+01
           Ven = -2.6675112127E+01
           Vrep =  2.1068785654E+01
           DelSqV =  1.3838524485E+03
           DelSqVen =  1.4713201600E+03
           DelSqVrep = -8.7467711425E+01
           DelSqG =  1.0413008031E+02
           DelSqK = -1.4879825288E+03
           Stress_EigVals = -2.0034431750E+00 -1.9994532268E+00 -1.6034300713E+00
           Stress_EigVec1 = -3.6644738788E-01 -5.0721352212E-01  7.8003253451E-01
           Stress_EigVec2 =  3.8889770385E-01  6.7811108932E-01  6.2363765639E-01
           Stress_EigVec3 =  8.4526616391E-01 -5.3188325177E-01  5.1237863261E-02
           -DivStress = -1.8747636671E+01  1.1718263796E+01 -1.1770019711E+00
           ESP =  -9.0081194583E-01     ESP at Nucleus =  -9.0449523711E-01
           ESPe = -4.5779972807E+01     ESPe at Nucleus = -4.5567771155E+01
           ESPn =  4.4879160862E+01     ESPn at Nucleus =  4.4663275918E+01

CP# 5      Coords =  4.35730491988761E-01 -1.43428106984545E+00 -9.15078640781879E+00
           Type = (3,-3) NACP H5
           Rho =  4.0032483319E-01     Rho at Nucleus =  3.9264500542E-01
           GradRho =  3.1468084562E-10  2.5323709969E-10  2.6855838733E-10
           HessRho_EigVals = -7.8685007976E+00 -7.8526505992E+00 -6.3194383634E+00
           HessRho_EigVec1 =  7.2599039895E-01 -6.4829650476E-01 -2.2945496847E-01
           HessRho_EigVec2 = -2.3886468462E-01 -5.5059293992E-01  7.9986941244E-01
           HessRho_EigVec3 =  6.4488883001E-01  5.2588882516E-01  5.5458032826E-01
           DelSqRho = -2.2040589760E+01
           Bond Ellipticity = NA
           V = -5.5620037373E+00
           G =  2.5928148607E-02
           K =  5.5360755887E+00
           L =  5.5101474401E+00
           Vnuc =  6.5508748029E+01
           Ven = -2.6224778627E+01
           Vrep =  2.0662774890E+01
           DelSqV =  1.3717542069E+03
           DelSqVen =  1.4438514414E+03
           DelSqVrep = -7.2097234559E+01
           DelSqG =  1.0313090693E+02
           DelSqK = -1.4748851138E+03
           Stress_EigVals = -1.9880724456E+00 -1.9841668980E+00 -1.5897643937E+00
           Stress_EigVec1 = -2.4385033140E-01 -5.4762883675E-01  8.0039969580E-01
           Stress_EigVec2 = -7.2151487587E-01  6.5392446579E-01  2.2759410566E-01
           Stress_EigVec3 =  6.4803803883E-01  5.2200138907E-01  5.5458204987E-01
           -DivStress = -1.4370741101E+01 -1.1436577297E+01 -1.2200946182E+01
           ESP =  -8.8146253557E-01     ESP at Nucleus =  -8.8480247953E-01
           ESPe = -4.5135447107E+01     ESPe at Nucleus = -4.4910845986E+01
           ESPn =  4.4253984571E+01     ESPn at Nucleus =  4.4026043507E+01

CP# 6      Coords = -3.89803508919129E-01  1.64947412756838E+00  9.00005847211646E+00
           Type = (3,-3) NACP H6
           Rho =  4.0064373988E-01     Rho at Nucleus =  3.9296735273E-01
           GradRho =  2.7885679876E-16  5.0653925499E-16 -4.2518072396E-15
           HessRho_EigVals = -7.8743624515E+00 -7.8584528335E+00 -6.3254537288E+00
           HessRho_EigVec1 =  6.9106627184E-01 -6.9733735284E-01 -1.9012633764E-01
           HessRho_EigVec2 = -2.7930502161E-01 -5.0025267473E-01  8.1959500140E-01
           HessRho_EigVec3 =  6.6664541762E-01  5.1329122120E-01  5.4047757531E-01
           DelSqRho = -2.2058269014E+01
           Bond Ellipticity = NA
           V = -5.5665321658E+00
           G =  2.5982456183E-02
           K =  5.5405497096E+00
           L =  5.5145672534E+00
           Vnuc =  6.5791891028E+01
           Ven = -2.6359109275E+01
           Vrep =  2.0792577109E+01
           DelSqV =  1.3729741260E+03
           DelSqVen =  1.4512552312E+03
           DelSqVrep = -7.8281105208E+01
           DelSqG =  1.0321331044E+02
           DelSqK = -1.4761874364E+03
           Stress_EigVals = -1.9895509682E+00 -1.9856551467E+00 -1.5913260509E+00
           Stress_EigVec1 = -2.8416829539E-01 -4.9687163643E-01  8.1997985146E-01
           Stress_EigVec2 =  6.8621122811E-01 -7.0269062536E-01 -1.8798945570E-01
           Stress_EigVec3 =  6.6959878309E-01  5.0925873772E-01  5.4064129304E-01
           -DivStress =  1.4846760273E+01  1.1148913997E+01  1.1899769923E+01
           ESP =  -8.8385143614E-01     ESP at Nucleus =  -8.8717813861E-01
           ESPe = -4.5407463998E+01     ESPe at Nucleus = -4.5183703051E+01
           ESPn =  4.4523612562E+01     ESPn at Nucleus =  4.4296524913E+01

CP# 7      Coords = -5.00210608719230E+00 -1.37654289120880E+00 -7.14085050809080E+00
           Type = (3,-3) NACP H7
           Rho =  4.0286075301E-01     Rho at Nucleus =  3.9520076171E-01
           GradRho =  3.5632902878E-12  2.3699050535E-12 -1.0372362691E-12
           HessRho_EigVals = -7.9306100883E+00 -7.9157399943E+00 -6.3802131106E+00
           HessRho_EigVec1 = -5.8170461499E-01  7.1434399469E-01 -3.8901465030E-01
           HessRho_EigVec2 = -4.0716311782E-02  4.5208556917E-01  8.9104479130E-01
           HessRho_EigVec3 =  8.1238040526E-01  5.3416410905E-01 -2.3389480915E-01
           DelSqRho = -2.2226563193E+01
           Bond Ellipticity = NA
           V = -5.6083617908E+00
           G =  2.5860496254E-02
           K =  5.5825012946E+00
           L =  5.5566407983E+00
           Vnuc =  6.5819721701E+01
           Ven = -2.6516182648E+01
           Vrep =  2.0907820857E+01
           DelSqV =  1.3846749900E+03
           DelSqVen =  1.4629462037E+03
           DelSqVrep = -7.8271213748E+01
           DelSqG =  1.0419025238E+02
           DelSqK = -1.4888652424E+03
           Stress_EigVals = -2.0038604646E+00 -1.9998628837E+00 -1.6046384425E+00
           Stress_EigVec1 = -4.5571156741E-02  4.5573247697E-01  8.8894948063E-01
           Stress_EigVec2 = -5.8584400373E-01  7.0859056757E-01 -3.9330167917E-01
           Stress_EigVec3 =  8.0914156546E-01  5.3870893532E-01 -2.3469684712E-01
           -DivStress = -1.7844973694E+01 -1.1974878761E+01  5.2159719638E+00
           ESP =  -8.9817730238E-01     ESP at Nucleus =  -9.0182785361E-01
           ESPe = -4.5345113604E+01     ESPe at Nucleus = -4.5135587319E+01
           ESPn =  4.4446936301E+01     ESPn at Nucleus =  4.4233759465E+01

CP# 8      Coords =  5.02248532464008E+00  1.22103396464473E+00  7.14527293409619E+00
           Type = (3,-3) NACP H8
           Rho =  4.0292951011E-01     Rho at Nucleus =  3.9525729265E-01
           GradRho = -7.5594842885E-12 -4.6458253911E-12  1.9811756402E-12
           HessRho_EigVals = -7.9315418379E+00 -7.9164869001E+00 -6.3788619713E+00
           HessRho_EigVec1 = -5.4754265634E-01  7.1428716901E-01 -4.3587943249E-01
           HessRho_EigVec2 = -6.6308220760E-02  4.8222704152E-01  8.7353322792E-01
           HessRho_EigVec3 =  8.3414642560E-01  5.0719909365E-01 -2.1667676399E-01
           DelSqRho = -2.2226890709E+01
           Bond Ellipticity = NA
           V = -5.6083786168E+00
           G =  2.5827969740E-02
           K =  5.5825506470E+00
           L =  5.5567226773E+00
           Vnuc =  6.5916371323E+01
           Ven = -2.6559651205E+01
           Vrep =  2.0951272589E+01
           DelSqV =  1.3845011875E+03
           DelSqVen =  1.4651159814E+03
           DelSqVrep = -8.0614793814E+01
           DelSqG =  1.0417745380E+02
           DelSqK = -1.4886786413E+03
           Stress_EigVals = -2.0040567789E+00 -2.0000437720E+00 -1.6042780659E+00
           Stress_EigVec1 = -7.1453781520E-02  4.8661651811E-01  8.7068864780E-01
           Stress_EigVec2 = -5.5154200267E-01  7.0805048141E-01 -4.4098291925E-01
           Stress_EigVec3 =  8.3108108894E-01  5.1173125768E-01 -2.1779656453E-01
           -DivStress =  1.8348847762E+01  1.1387371972E+01 -4.8475485293E+00
           ESP =  -8.9979829713E-01     ESP at Nucleus =  -9.0347728594E-01
           ESPe = -4.5460916142E+01     ESPe at Nucleus = -4.5248262954E+01
           ESPn =  4.4561117845E+01     ESPn at Nucleus =  4.4344785668E+01

CP# 9      Coords = -4.11042620055575E+00  1.10037840609437E+00 -8.21332735844622E+00
           Type = (3,-3) NACP H9
           Rho =  4.0072673967E-01     Rho at Nucleus =  3.9306069846E-01
           GradRho =  5.8273093122E-10 -1.7281190284E-09  7.4145644312E-10
           HessRho_EigVals = -7.8769858740E+00 -7.8611912418E+00 -6.3297885606E+00
           HessRho_EigVec1 =  9.5105374684E-01  3.0415795248E-01 -5.4632504589E-02
           HessRho_EigVec2 = -6.6452426323E-02  3.7394566891E-01  9.2506686879E-01
           HessRho_EigVec3 = -3.0179603320E-01  8.7615784916E-01 -3.7585446346E-01
           DelSqRho = -2.2067965676E+01
           Bond Ellipticity = NA
           V = -5.5690010209E+00
           G =  2.6004800912E-02
           K =  5.5429962200E+00
           L =  5.5169914191E+00
           Vnuc =  6.5513575554E+01
           Ven = -2.6253041536E+01
           Vrep =  2.0684040515E+01
           DelSqV =  1.3737916558E+03
           DelSqVen =  1.4457513384E+03
           DelSqVrep = -7.1959682666E+01
           DelSqG =  1.0328008668E+02
           DelSqK = -1.4770717424E+03
           Stress_EigVals = -1.9902658147E+00 -1.9863573371E+00 -1.5923778692E+00
           Stress_EigVec1 = -6.0398392109E-02  3.7714734058E-01  9.2418175579E-01
           Stress_EigVec2 =  9.5294881288E-01  2.9732306732E-01 -5.9055513408E-02
           Stress_EigVec3 = -2.9705318422E-01  8.7713104901E-01 -3.7735994569E-01
           -DivStress = -6.4386016244E+00  1.9368949740E+01 -8.3223722300E+00
           ESP =  -8.8348498685E-01     ESP at Nucleus =  -8.8683445402E-01
           ESPe = -4.5109160315E+01     ESPe at Nucleus = -4.4889876038E+01
           ESPn =  4.4225675328E+01     ESPn at Nucleus =  4.4003041584E+01

CP# 10     Coords =  4.02983270919172E+00 -1.19620734463491E+00  8.25988339608029E+00
           Type = (3,-3) NACP H10
           Rho =  4.0123002575E-01     Rho at Nucleus =  3.9356937956E-01
           GradRho = -1.2023995948E-10  4.0128632622E-10 -1.9249579188E-10
           HessRho_EigVals = -7.8891645685E+00 -7.8732756845E+00 -6.3418890482E+00
           HessRho_EigVec1 =  9.5915624341E-01  2.8169052294E-01 -2.5879528719E-02
           HessRho_EigVec2 = -9.4948911532E-02  4.0677437923E-01  9.0858093123E-01
           HessRho_EigVec3 = -2.6646576688E-01  8.6901383976E-01 -4.1690639404E-01
           DelSqRho = -2.2104329301E+01
           Bond Ellipticity = NA
           V = -5.5778962284E+00
           G =  2.5906951560E-02
           K =  5.5519892769E+00
           L =  5.5260823253E+00
           Vnuc =  6.5503385660E+01
           Ven = -2.6281925115E+01
           Vrep =  2.0704028887E+01
           DelSqV =  1.3763029172E+03
           DelSqVen =  1.4479084074E+03
           DelSqVrep = -7.1605490219E+01
           DelSqG =  1.0348221885E+02
           DelSqK = -1.4797851360E+03
           Stress_EigVals = -1.9933060647E+00 -1.9893441209E+00 -1.5952460429E+00
           Stress_EigVec1 =  9.3353439041E-02 -4.0843870720E-01 -9.0799942615E-01
           Stress_EigVec2 =  9.6067138915E-01  2.7650434565E-01 -2.5609156609E-02
           Stress_EigVec3 = -2.6152555799E-01  8.6989836723E-01 -4.1818801180E-01
           -DivStress =  5.6628154867E+00 -1.9212498034E+01  9.2266958221E+00
           ESP =  -8.8291218560E-01     ESP at Nucleus =  -8.8622986136E-01
           ESPe = -4.5073102441E+01     ESPe at Nucleus = -4.4849036100E+01
           ESPn =  4.4190190255E+01     ESPn at Nucleus =  4.3962806238E+01

CP# 11     Coords = -8.78322441241786E-01  5.64824177141970E+00 -6.64302479474326E+00
           Type = (3,-3) NACP H11
           Rho =  4.0278140672E-01     Rho at Nucleus =  3.9510745523E-01
           GradRho = -1.8000466569E-16 -9.2252594452E-15 -3.6862873865E-15
           HessRho_EigVals = -7.9280433132E+00 -7.9131774208E+00 -6.3754273396E+00
           HessRho_EigVec1 =  7.2750218811E-01  2.3204349043E-01 -6.4567513878E-01
           HessRho_EigVec2 =  6.8607675363E-01 -2.5462743065E-01  6.8151563422E-01
           HessRho_EigVec3 =  6.2653350774E-03  9.3878681824E-01  3.4444165757E-01
           DelSqRho = -2.2216648074E+01
           Bond Ellipticity = NA
           V = -5.6058461611E+00
           G =  2.5842071369E-02
           K =  5.5800040898E+00
           L =  5.5541620184E+00
           Vnuc =  6.6010083769E+01
           Ven = -2.6587634398E+01
           Vrep =  2.0981788237E+01
           DelSqV =  1.3837926553E+03
           DelSqVen =  1.4665228004E+03
           DelSqVrep = -8.2730145087E+01
           DelSqG =  1.0412185349E+02
           DelSqK = -1.4879145088E+03
           Stress_EigVals = -2.0032073251E+00 -1.9991912012E+00 -1.6034476348E+00
           Stress_EigVec1 =  6.9048419509E-01 -2.5180638308E-01  6.7810406412E-01
           Stress_EigVec2 = -7.2334631152E-01 -2.3868110962E-01  6.4792086054E-01
